Index   frequency       vm         
0	1.000000e+03	3.773524e-01	
1	1.004616e+03	3.773523e-01	
2	1.009253e+03	3.773522e-01	
3	1.013911e+03	3.773521e-01	
4	1.018591e+03	3.773520e-01	
5	1.023293e+03	3.773520e-01	
6	1.028016e+03	3.773519e-01	
7	1.032761e+03	3.773518e-01	
8	1.037528e+03	3.773517e-01	
9	1.042317e+03	3.773517e-01	
10	1.047129e+03	3.773516e-01	
11	1.051962e+03	3.773516e-01	
12	1.056818e+03	3.773515e-01	
13	1.061696e+03	3.773515e-01	
14	1.066596e+03	3.773515e-01	
15	1.071519e+03	3.773515e-01	
16	1.076465e+03	3.773514e-01	
17	1.081434e+03	3.773514e-01	
18	1.086426e+03	3.773514e-01	
19	1.091440e+03	3.773514e-01	
20	1.096478e+03	3.773514e-01	
21	1.101539e+03	3.773514e-01	
22	1.106624e+03	3.773514e-01	
23	1.111732e+03	3.773515e-01	
24	1.116863e+03	3.773515e-01	
25	1.122018e+03	3.773515e-01	
26	1.127197e+03	3.773516e-01	
27	1.132400e+03	3.773516e-01	
28	1.137627e+03	3.773517e-01	
29	1.142878e+03	3.773517e-01	
30	1.148154e+03	3.773518e-01	
31	1.153453e+03	3.773518e-01	
32	1.158777e+03	3.773519e-01	
33	1.164126e+03	3.773520e-01	
34	1.169499e+03	3.773521e-01	
35	1.174898e+03	3.773521e-01	
36	1.180321e+03	3.773522e-01	
37	1.185769e+03	3.773523e-01	
38	1.191242e+03	3.773524e-01	
39	1.196741e+03	3.773525e-01	
40	1.202264e+03	3.773526e-01	
41	1.207814e+03	3.773528e-01	
42	1.213389e+03	3.773529e-01	
43	1.218990e+03	3.773530e-01	
44	1.224616e+03	3.773531e-01	
45	1.230269e+03	3.773533e-01	
46	1.235947e+03	3.773534e-01	
47	1.241652e+03	3.773536e-01	
48	1.247384e+03	3.773537e-01	
49	1.253141e+03	3.773539e-01	
50	1.258925e+03	3.773540e-01	
51	1.264736e+03	3.773542e-01	
52	1.270574e+03	3.773544e-01	
53	1.276439e+03	3.773545e-01	
54	1.282331e+03	3.773547e-01	
55	1.288250e+03	3.773549e-01	
56	1.294196e+03	3.773551e-01	
57	1.300170e+03	3.773553e-01	
58	1.306171e+03	3.773555e-01	
59	1.312200e+03	3.773557e-01	
60	1.318257e+03	3.773559e-01	
61	1.324342e+03	3.773561e-01	
62	1.330454e+03	3.773563e-01	
63	1.336596e+03	3.773566e-01	
64	1.342765e+03	3.773568e-01	
65	1.348963e+03	3.773570e-01	
66	1.355189e+03	3.773573e-01	
67	1.361445e+03	3.773575e-01	
68	1.367729e+03	3.773577e-01	
69	1.374042e+03	3.773580e-01	
70	1.380384e+03	3.773582e-01	
71	1.386756e+03	3.773585e-01	
72	1.393157e+03	3.773588e-01	
73	1.399587e+03	3.773590e-01	
74	1.406048e+03	3.773593e-01	
75	1.412538e+03	3.773596e-01	
76	1.419058e+03	3.773598e-01	
77	1.425608e+03	3.773601e-01	
78	1.432188e+03	3.773604e-01	
79	1.438799e+03	3.773607e-01	
80	1.445440e+03	3.773610e-01	
81	1.452112e+03	3.773613e-01	
82	1.458814e+03	3.773616e-01	
83	1.465548e+03	3.773619e-01	
84	1.472313e+03	3.773622e-01	
85	1.479108e+03	3.773625e-01	
86	1.485936e+03	3.773628e-01	
87	1.492794e+03	3.773632e-01	
88	1.499685e+03	3.773635e-01	
89	1.506607e+03	3.773638e-01	
90	1.513561e+03	3.773642e-01	
91	1.520548e+03	3.773645e-01	
92	1.527566e+03	3.773648e-01	
93	1.534617e+03	3.773652e-01	
94	1.541700e+03	3.773655e-01	
95	1.548817e+03	3.773659e-01	
96	1.555966e+03	3.773662e-01	
97	1.563148e+03	3.773666e-01	
98	1.570363e+03	3.773670e-01	
99	1.577611e+03	3.773673e-01	
100	1.584893e+03	3.773677e-01	
101	1.592209e+03	3.773681e-01	
102	1.599558e+03	3.773684e-01	
103	1.606941e+03	3.773688e-01	
104	1.614359e+03	3.773692e-01	
105	1.621810e+03	3.773696e-01	
106	1.629296e+03	3.773700e-01	
107	1.636817e+03	3.773704e-01	
108	1.644372e+03	3.773708e-01	
109	1.651962e+03	3.773712e-01	
110	1.659587e+03	3.773716e-01	
111	1.667247e+03	3.773720e-01	
112	1.674943e+03	3.773724e-01	
113	1.682674e+03	3.773728e-01	
114	1.690441e+03	3.773732e-01	
115	1.698244e+03	3.773736e-01	
116	1.706082e+03	3.773741e-01	
117	1.713957e+03	3.773745e-01	
118	1.721869e+03	3.773749e-01	
119	1.729816e+03	3.773753e-01	
120	1.737801e+03	3.773758e-01	
121	1.745822e+03	3.773762e-01	
122	1.753881e+03	3.773766e-01	
123	1.761976e+03	3.773771e-01	
124	1.770109e+03	3.773775e-01	
125	1.778279e+03	3.773780e-01	
126	1.786488e+03	3.773784e-01	
127	1.794734e+03	3.773789e-01	
128	1.803018e+03	3.773793e-01	
129	1.811340e+03	3.773798e-01	
130	1.819701e+03	3.773802e-01	
131	1.828100e+03	3.773807e-01	
132	1.836538e+03	3.773812e-01	
133	1.845015e+03	3.773816e-01	
134	1.853532e+03	3.773821e-01	
135	1.862087e+03	3.773826e-01	
136	1.870682e+03	3.773831e-01	
137	1.879317e+03	3.773835e-01	
138	1.887991e+03	3.773840e-01	
139	1.896706e+03	3.773845e-01	
140	1.905461e+03	3.773850e-01	
141	1.914256e+03	3.773855e-01	
142	1.923092e+03	3.773860e-01	
143	1.931968e+03	3.773864e-01	
144	1.940886e+03	3.773869e-01	
145	1.949845e+03	3.773874e-01	
146	1.958845e+03	3.773879e-01	
147	1.967886e+03	3.773884e-01	
148	1.976970e+03	3.773889e-01	
149	1.986095e+03	3.773894e-01	
150	1.995262e+03	3.773899e-01	
151	2.004472e+03	3.773904e-01	
152	2.013724e+03	3.773909e-01	
153	2.023019e+03	3.773915e-01	
154	2.032357e+03	3.773920e-01	
155	2.041738e+03	3.773925e-01	
156	2.051162e+03	3.773930e-01	
157	2.060630e+03	3.773935e-01	
158	2.070141e+03	3.773940e-01	
159	2.079697e+03	3.773946e-01	
160	2.089296e+03	3.773951e-01	
161	2.098940e+03	3.773956e-01	
162	2.108628e+03	3.773961e-01	
163	2.118361e+03	3.773966e-01	
164	2.128139e+03	3.773972e-01	
165	2.137962e+03	3.773977e-01	
166	2.147830e+03	3.773982e-01	
167	2.157744e+03	3.773988e-01	
168	2.167704e+03	3.773993e-01	
169	2.177710e+03	3.773998e-01	
170	2.187762e+03	3.774004e-01	
171	2.197860e+03	3.774009e-01	
172	2.208005e+03	3.774014e-01	
173	2.218196e+03	3.774020e-01	
174	2.228435e+03	3.774025e-01	
175	2.238721e+03	3.774031e-01	
176	2.249055e+03	3.774036e-01	
177	2.259436e+03	3.774041e-01	
178	2.269865e+03	3.774047e-01	
179	2.280342e+03	3.774052e-01	
180	2.290868e+03	3.774058e-01	
181	2.301442e+03	3.774063e-01	
182	2.312065e+03	3.774069e-01	
183	2.322737e+03	3.774074e-01	
184	2.333458e+03	3.774080e-01	
185	2.344229e+03	3.774085e-01	
186	2.355049e+03	3.774091e-01	
187	2.365920e+03	3.774096e-01	
188	2.376840e+03	3.774102e-01	
189	2.387811e+03	3.774107e-01	
190	2.398833e+03	3.774113e-01	
191	2.409905e+03	3.774118e-01	
192	2.421029e+03	3.774124e-01	
193	2.432204e+03	3.774129e-01	
194	2.443431e+03	3.774135e-01	
195	2.454709e+03	3.774140e-01	
196	2.466039e+03	3.774146e-01	
197	2.477422e+03	3.774151e-01	
198	2.488857e+03	3.774157e-01	
199	2.500345e+03	3.774162e-01	
200	2.511886e+03	3.774168e-01	
201	2.523481e+03	3.774173e-01	
202	2.535129e+03	3.774179e-01	
203	2.546830e+03	3.774185e-01	
204	2.558586e+03	3.774190e-01	
205	2.570396e+03	3.774196e-01	
206	2.582260e+03	3.774201e-01	
207	2.594179e+03	3.774207e-01	
208	2.606154e+03	3.774212e-01	
209	2.618183e+03	3.774218e-01	
210	2.630268e+03	3.774223e-01	
211	2.642409e+03	3.774229e-01	
212	2.654606e+03	3.774235e-01	
213	2.666859e+03	3.774240e-01	
214	2.679168e+03	3.774246e-01	
215	2.691535e+03	3.774251e-01	
216	2.703958e+03	3.774257e-01	
217	2.716439e+03	3.774262e-01	
218	2.728978e+03	3.774268e-01	
219	2.741574e+03	3.774273e-01	
220	2.754229e+03	3.774279e-01	
221	2.766942e+03	3.774284e-01	
222	2.779713e+03	3.774290e-01	
223	2.792544e+03	3.774295e-01	
224	2.805434e+03	3.774301e-01	
225	2.818383e+03	3.774306e-01	
226	2.831392e+03	3.774312e-01	
227	2.844461e+03	3.774317e-01	
228	2.857591e+03	3.774323e-01	
229	2.870781e+03	3.774328e-01	
230	2.884032e+03	3.774334e-01	
231	2.897344e+03	3.774339e-01	
232	2.910717e+03	3.774345e-01	
233	2.924152e+03	3.774350e-01	
234	2.937650e+03	3.774356e-01	
235	2.951209e+03	3.774361e-01	
236	2.964831e+03	3.774366e-01	
237	2.978516e+03	3.774372e-01	
238	2.992265e+03	3.774377e-01	
239	3.006076e+03	3.774383e-01	
240	3.019952e+03	3.774388e-01	
241	3.033891e+03	3.774393e-01	
242	3.047895e+03	3.774399e-01	
243	3.061963e+03	3.774404e-01	
244	3.076097e+03	3.774409e-01	
245	3.090295e+03	3.774415e-01	
246	3.104560e+03	3.774420e-01	
247	3.118890e+03	3.774425e-01	
248	3.133286e+03	3.774431e-01	
249	3.147748e+03	3.774436e-01	
250	3.162278e+03	3.774441e-01	
251	3.176874e+03	3.774446e-01	
252	3.191538e+03	3.774452e-01	
253	3.206269e+03	3.774457e-01	
254	3.221069e+03	3.774462e-01	
255	3.235937e+03	3.774467e-01	
256	3.250873e+03	3.774473e-01	
257	3.265878e+03	3.774478e-01	
258	3.280953e+03	3.774483e-01	
259	3.296097e+03	3.774488e-01	
260	3.311311e+03	3.774493e-01	
261	3.326596e+03	3.774498e-01	
262	3.341950e+03	3.774503e-01	
263	3.357376e+03	3.774509e-01	
264	3.372873e+03	3.774514e-01	
265	3.388442e+03	3.774519e-01	
266	3.404082e+03	3.774524e-01	
267	3.419794e+03	3.774529e-01	
268	3.435579e+03	3.774534e-01	
269	3.451437e+03	3.774539e-01	
270	3.467369e+03	3.774544e-01	
271	3.483373e+03	3.774549e-01	
272	3.499452e+03	3.774554e-01	
273	3.515604e+03	3.774559e-01	
274	3.531832e+03	3.774564e-01	
275	3.548134e+03	3.774569e-01	
276	3.564511e+03	3.774573e-01	
277	3.580964e+03	3.774578e-01	
278	3.597493e+03	3.774583e-01	
279	3.614099e+03	3.774588e-01	
280	3.630781e+03	3.774593e-01	
281	3.647539e+03	3.774598e-01	
282	3.664376e+03	3.774603e-01	
283	3.681290e+03	3.774607e-01	
284	3.698282e+03	3.774612e-01	
285	3.715352e+03	3.774617e-01	
286	3.732502e+03	3.774622e-01	
287	3.749730e+03	3.774626e-01	
288	3.767038e+03	3.774631e-01	
289	3.784426e+03	3.774636e-01	
290	3.801894e+03	3.774640e-01	
291	3.819443e+03	3.774645e-01	
292	3.837072e+03	3.774650e-01	
293	3.854784e+03	3.774654e-01	
294	3.872576e+03	3.774659e-01	
295	3.890451e+03	3.774663e-01	
296	3.908409e+03	3.774668e-01	
297	3.926449e+03	3.774672e-01	
298	3.944573e+03	3.774677e-01	
299	3.962780e+03	3.774681e-01	
300	3.981072e+03	3.774686e-01	
301	3.999447e+03	3.774690e-01	
302	4.017908e+03	3.774695e-01	
303	4.036454e+03	3.774699e-01	
304	4.055085e+03	3.774703e-01	
305	4.073803e+03	3.774708e-01	
306	4.092607e+03	3.774712e-01	
307	4.111497e+03	3.774717e-01	
308	4.130475e+03	3.774721e-01	
309	4.149540e+03	3.774725e-01	
310	4.168694e+03	3.774729e-01	
311	4.187936e+03	3.774734e-01	
312	4.207266e+03	3.774738e-01	
313	4.226686e+03	3.774742e-01	
314	4.246196e+03	3.774746e-01	
315	4.265795e+03	3.774750e-01	
316	4.285485e+03	3.774755e-01	
317	4.305266e+03	3.774759e-01	
318	4.325138e+03	3.774763e-01	
319	4.345102e+03	3.774767e-01	
320	4.365158e+03	3.774771e-01	
321	4.385307e+03	3.774775e-01	
322	4.405549e+03	3.774779e-01	
323	4.425884e+03	3.774783e-01	
324	4.446313e+03	3.774787e-01	
325	4.466836e+03	3.774791e-01	
326	4.487454e+03	3.774795e-01	
327	4.508167e+03	3.774799e-01	
328	4.528976e+03	3.774803e-01	
329	4.549881e+03	3.774807e-01	
330	4.570882e+03	3.774811e-01	
331	4.591980e+03	3.774814e-01	
332	4.613176e+03	3.774818e-01	
333	4.634469e+03	3.774822e-01	
334	4.655861e+03	3.774826e-01	
335	4.677351e+03	3.774830e-01	
336	4.698941e+03	3.774833e-01	
337	4.720630e+03	3.774837e-01	
338	4.742420e+03	3.774841e-01	
339	4.764310e+03	3.774845e-01	
340	4.786301e+03	3.774848e-01	
341	4.808393e+03	3.774852e-01	
342	4.830588e+03	3.774855e-01	
343	4.852885e+03	3.774859e-01	
344	4.875285e+03	3.774863e-01	
345	4.897788e+03	3.774866e-01	
346	4.920395e+03	3.774870e-01	
347	4.943107e+03	3.774873e-01	
348	4.965923e+03	3.774877e-01	
349	4.988845e+03	3.774880e-01	
350	5.011872e+03	3.774884e-01	
351	5.035006e+03	3.774887e-01	
352	5.058247e+03	3.774891e-01	
353	5.081594e+03	3.774894e-01	
354	5.105050e+03	3.774897e-01	
355	5.128614e+03	3.774901e-01	
356	5.152286e+03	3.774904e-01	
357	5.176068e+03	3.774907e-01	
358	5.199960e+03	3.774911e-01	
359	5.223962e+03	3.774914e-01	
360	5.248075e+03	3.774917e-01	
361	5.272299e+03	3.774921e-01	
362	5.296634e+03	3.774924e-01	
363	5.321083e+03	3.774927e-01	
364	5.345644e+03	3.774930e-01	
365	5.370318e+03	3.774933e-01	
366	5.395106e+03	3.774936e-01	
367	5.420009e+03	3.774940e-01	
368	5.445027e+03	3.774943e-01	
369	5.470160e+03	3.774946e-01	
370	5.495409e+03	3.774949e-01	
371	5.520774e+03	3.774952e-01	
372	5.546257e+03	3.774955e-01	
373	5.571857e+03	3.774958e-01	
374	5.597576e+03	3.774961e-01	
375	5.623413e+03	3.774964e-01	
376	5.649370e+03	3.774967e-01	
377	5.675446e+03	3.774970e-01	
378	5.701643e+03	3.774973e-01	
379	5.727960e+03	3.774976e-01	
380	5.754399e+03	3.774978e-01	
381	5.780960e+03	3.774981e-01	
382	5.807644e+03	3.774984e-01	
383	5.834451e+03	3.774987e-01	
384	5.861382e+03	3.774990e-01	
385	5.888437e+03	3.774993e-01	
386	5.915616e+03	3.774995e-01	
387	5.942922e+03	3.774998e-01	
388	5.970353e+03	3.775001e-01	
389	5.997911e+03	3.775004e-01	
390	6.025596e+03	3.775006e-01	
391	6.053409e+03	3.775009e-01	
392	6.081350e+03	3.775012e-01	
393	6.109420e+03	3.775014e-01	
394	6.137620e+03	3.775017e-01	
395	6.165950e+03	3.775019e-01	
396	6.194411e+03	3.775022e-01	
397	6.223003e+03	3.775025e-01	
398	6.251727e+03	3.775027e-01	
399	6.280584e+03	3.775030e-01	
400	6.309573e+03	3.775032e-01	
401	6.338697e+03	3.775035e-01	
402	6.367955e+03	3.775037e-01	
403	6.397348e+03	3.775040e-01	
404	6.426877e+03	3.775042e-01	
405	6.456542e+03	3.775044e-01	
406	6.486344e+03	3.775047e-01	
407	6.516284e+03	3.775049e-01	
408	6.546362e+03	3.775052e-01	
409	6.576578e+03	3.775054e-01	
410	6.606934e+03	3.775056e-01	
411	6.637431e+03	3.775059e-01	
412	6.668068e+03	3.775061e-01	
413	6.698846e+03	3.775063e-01	
414	6.729767e+03	3.775066e-01	
415	6.760830e+03	3.775068e-01	
416	6.792036e+03	3.775070e-01	
417	6.823387e+03	3.775072e-01	
418	6.854882e+03	3.775074e-01	
419	6.886523e+03	3.775077e-01	
420	6.918310e+03	3.775079e-01	
421	6.950243e+03	3.775081e-01	
422	6.982324e+03	3.775083e-01	
423	7.014553e+03	3.775085e-01	
424	7.046931e+03	3.775087e-01	
425	7.079458e+03	3.775090e-01	
426	7.112135e+03	3.775092e-01	
427	7.144963e+03	3.775094e-01	
428	7.177943e+03	3.775096e-01	
429	7.211075e+03	3.775098e-01	
430	7.244360e+03	3.775100e-01	
431	7.277798e+03	3.775102e-01	
432	7.311391e+03	3.775104e-01	
433	7.345139e+03	3.775106e-01	
434	7.379042e+03	3.775108e-01	
435	7.413102e+03	3.775110e-01	
436	7.447320e+03	3.775112e-01	
437	7.481695e+03	3.775114e-01	
438	7.516229e+03	3.775115e-01	
439	7.550922e+03	3.775117e-01	
440	7.585776e+03	3.775119e-01	
441	7.620790e+03	3.775121e-01	
442	7.655966e+03	3.775123e-01	
443	7.691304e+03	3.775125e-01	
444	7.726806e+03	3.775127e-01	
445	7.762471e+03	3.775128e-01	
446	7.798301e+03	3.775130e-01	
447	7.834296e+03	3.775132e-01	
448	7.870458e+03	3.775134e-01	
449	7.906786e+03	3.775136e-01	
450	7.943282e+03	3.775137e-01	
451	7.979947e+03	3.775139e-01	
452	8.016781e+03	3.775141e-01	
453	8.053784e+03	3.775142e-01	
454	8.090959e+03	3.775144e-01	
455	8.128305e+03	3.775146e-01	
456	8.165824e+03	3.775147e-01	
457	8.203515e+03	3.775149e-01	
458	8.241381e+03	3.775151e-01	
459	8.279422e+03	3.775152e-01	
460	8.317638e+03	3.775154e-01	
461	8.356030e+03	3.775156e-01	
462	8.394600e+03	3.775157e-01	
463	8.433348e+03	3.775159e-01	
464	8.472274e+03	3.775160e-01	
465	8.511380e+03	3.775162e-01	
466	8.550667e+03	3.775163e-01	
467	8.590135e+03	3.775165e-01	
468	8.629785e+03	3.775166e-01	
469	8.669619e+03	3.775168e-01	
470	8.709636e+03	3.775169e-01	
471	8.749838e+03	3.775171e-01	
472	8.790225e+03	3.775172e-01	
473	8.830799e+03	3.775174e-01	
474	8.871560e+03	3.775175e-01	
475	8.912509e+03	3.775177e-01	
476	8.953648e+03	3.775178e-01	
477	8.994976e+03	3.775179e-01	
478	9.036495e+03	3.775181e-01	
479	9.078205e+03	3.775182e-01	
480	9.120108e+03	3.775184e-01	
481	9.162205e+03	3.775185e-01	
482	9.204496e+03	3.775186e-01	
483	9.246982e+03	3.775188e-01	
484	9.289664e+03	3.775189e-01	
485	9.332543e+03	3.775190e-01	
486	9.375620e+03	3.775192e-01	
487	9.418896e+03	3.775193e-01	
488	9.462372e+03	3.775194e-01	
489	9.506048e+03	3.775195e-01	
490	9.549926e+03	3.775197e-01	
491	9.594006e+03	3.775198e-01	
492	9.638290e+03	3.775199e-01	
493	9.682779e+03	3.775200e-01	
494	9.727472e+03	3.775202e-01	
495	9.772372e+03	3.775203e-01	
496	9.817479e+03	3.775204e-01	
497	9.862795e+03	3.775205e-01	
498	9.908319e+03	3.775206e-01	
499	9.954054e+03	3.775208e-01	
500	1.000000e+04	3.775209e-01	
501	1.004616e+04	3.775210e-01	
502	1.009253e+04	3.775211e-01	
503	1.013911e+04	3.775212e-01	
504	1.018591e+04	3.775213e-01	
505	1.023293e+04	3.775215e-01	
506	1.028016e+04	3.775216e-01	
507	1.032761e+04	3.775217e-01	
508	1.037528e+04	3.775218e-01	
509	1.042317e+04	3.775219e-01	
510	1.047129e+04	3.775220e-01	
511	1.051962e+04	3.775221e-01	
512	1.056818e+04	3.775222e-01	
513	1.061696e+04	3.775223e-01	
514	1.066596e+04	3.775224e-01	
515	1.071519e+04	3.775225e-01	
516	1.076465e+04	3.775226e-01	
517	1.081434e+04	3.775227e-01	
518	1.086426e+04	3.775228e-01	
519	1.091440e+04	3.775229e-01	
520	1.096478e+04	3.775230e-01	
521	1.101539e+04	3.775231e-01	
522	1.106624e+04	3.775232e-01	
523	1.111732e+04	3.775233e-01	
524	1.116863e+04	3.775234e-01	
525	1.122018e+04	3.775235e-01	
526	1.127197e+04	3.775236e-01	
527	1.132400e+04	3.775237e-01	
528	1.137627e+04	3.775238e-01	
529	1.142878e+04	3.775239e-01	
530	1.148154e+04	3.775240e-01	
531	1.153453e+04	3.775241e-01	
532	1.158777e+04	3.775241e-01	
533	1.164126e+04	3.775242e-01	
534	1.169499e+04	3.775243e-01	
535	1.174898e+04	3.775244e-01	
536	1.180321e+04	3.775245e-01	
537	1.185769e+04	3.775246e-01	
538	1.191242e+04	3.775247e-01	
539	1.196741e+04	3.775247e-01	
540	1.202264e+04	3.775248e-01	
541	1.207814e+04	3.775249e-01	
542	1.213389e+04	3.775250e-01	
543	1.218990e+04	3.775251e-01	
544	1.224616e+04	3.775252e-01	
545	1.230269e+04	3.775252e-01	
546	1.235947e+04	3.775253e-01	
547	1.241652e+04	3.775254e-01	
548	1.247384e+04	3.775255e-01	
549	1.253141e+04	3.775255e-01	
550	1.258925e+04	3.775256e-01	
551	1.264736e+04	3.775257e-01	
552	1.270574e+04	3.775258e-01	
553	1.276439e+04	3.775258e-01	
554	1.282331e+04	3.775259e-01	
555	1.288250e+04	3.775260e-01	
556	1.294196e+04	3.775261e-01	
557	1.300170e+04	3.775261e-01	
558	1.306171e+04	3.775262e-01	
559	1.312200e+04	3.775263e-01	
560	1.318257e+04	3.775264e-01	
561	1.324342e+04	3.775264e-01	
562	1.330454e+04	3.775265e-01	
563	1.336596e+04	3.775266e-01	
564	1.342765e+04	3.775266e-01	
565	1.348963e+04	3.775267e-01	
566	1.355189e+04	3.775268e-01	
567	1.361445e+04	3.775268e-01	
568	1.367729e+04	3.775269e-01	
569	1.374042e+04	3.775270e-01	
570	1.380384e+04	3.775270e-01	
571	1.386756e+04	3.775271e-01	
572	1.393157e+04	3.775271e-01	
573	1.399587e+04	3.775272e-01	
574	1.406048e+04	3.775273e-01	
575	1.412538e+04	3.775273e-01	
576	1.419058e+04	3.775274e-01	
577	1.425608e+04	3.775275e-01	
578	1.432188e+04	3.775275e-01	
579	1.438799e+04	3.775276e-01	
580	1.445440e+04	3.775276e-01	
581	1.452112e+04	3.775277e-01	
582	1.458814e+04	3.775277e-01	
583	1.465548e+04	3.775278e-01	
584	1.472313e+04	3.775279e-01	
585	1.479108e+04	3.775279e-01	
586	1.485936e+04	3.775280e-01	
587	1.492794e+04	3.775280e-01	
588	1.499685e+04	3.775281e-01	
589	1.506607e+04	3.775281e-01	
590	1.513561e+04	3.775282e-01	
591	1.520548e+04	3.775282e-01	
592	1.527566e+04	3.775283e-01	
593	1.534617e+04	3.775284e-01	
594	1.541700e+04	3.775284e-01	
595	1.548817e+04	3.775285e-01	
596	1.555966e+04	3.775285e-01	
597	1.563148e+04	3.775286e-01	
598	1.570363e+04	3.775286e-01	
599	1.577611e+04	3.775287e-01	
600	1.584893e+04	3.775287e-01	
601	1.592209e+04	3.775288e-01	
602	1.599558e+04	3.775288e-01	
603	1.606941e+04	3.775289e-01	
604	1.614359e+04	3.775289e-01	
605	1.621810e+04	3.775289e-01	
606	1.629296e+04	3.775290e-01	
607	1.636817e+04	3.775290e-01	
608	1.644372e+04	3.775291e-01	
609	1.651962e+04	3.775291e-01	
610	1.659587e+04	3.775292e-01	
611	1.667247e+04	3.775292e-01	
612	1.674943e+04	3.775293e-01	
613	1.682674e+04	3.775293e-01	
614	1.690441e+04	3.775294e-01	
615	1.698244e+04	3.775294e-01	
616	1.706082e+04	3.775294e-01	
617	1.713957e+04	3.775295e-01	
618	1.721869e+04	3.775295e-01	
619	1.729816e+04	3.775296e-01	
620	1.737801e+04	3.775296e-01	
621	1.745822e+04	3.775296e-01	
622	1.753881e+04	3.775297e-01	
623	1.761976e+04	3.775297e-01	
624	1.770109e+04	3.775298e-01	
625	1.778279e+04	3.775298e-01	
626	1.786488e+04	3.775298e-01	
627	1.794734e+04	3.775299e-01	
628	1.803018e+04	3.775299e-01	
629	1.811340e+04	3.775300e-01	
630	1.819701e+04	3.775300e-01	
631	1.828100e+04	3.775300e-01	
632	1.836538e+04	3.775301e-01	
633	1.845015e+04	3.775301e-01	
634	1.853532e+04	3.775301e-01	
635	1.862087e+04	3.775302e-01	
636	1.870682e+04	3.775302e-01	
637	1.879317e+04	3.775302e-01	
638	1.887991e+04	3.775303e-01	
639	1.896706e+04	3.775303e-01	
640	1.905461e+04	3.775304e-01	
641	1.914256e+04	3.775304e-01	
642	1.923092e+04	3.775304e-01	
643	1.931968e+04	3.775305e-01	
644	1.940886e+04	3.775305e-01	
645	1.949845e+04	3.775305e-01	
646	1.958845e+04	3.775306e-01	
647	1.967886e+04	3.775306e-01	
648	1.976970e+04	3.775306e-01	
649	1.986095e+04	3.775306e-01	
650	1.995262e+04	3.775307e-01	
651	2.004472e+04	3.775307e-01	
652	2.013724e+04	3.775307e-01	
653	2.023019e+04	3.775308e-01	
654	2.032357e+04	3.775308e-01	
655	2.041738e+04	3.775308e-01	
656	2.051162e+04	3.775309e-01	
657	2.060630e+04	3.775309e-01	
658	2.070141e+04	3.775309e-01	
659	2.079697e+04	3.775309e-01	
660	2.089296e+04	3.775310e-01	
661	2.098940e+04	3.775310e-01	
662	2.108628e+04	3.775310e-01	
663	2.118361e+04	3.775311e-01	
664	2.128139e+04	3.775311e-01	
665	2.137962e+04	3.775311e-01	
666	2.147830e+04	3.775311e-01	
667	2.157744e+04	3.775312e-01	
668	2.167704e+04	3.775312e-01	
669	2.177710e+04	3.775312e-01	
670	2.187762e+04	3.775312e-01	
671	2.197860e+04	3.775313e-01	
672	2.208005e+04	3.775313e-01	
673	2.218196e+04	3.775313e-01	
674	2.228435e+04	3.775314e-01	
675	2.238721e+04	3.775314e-01	
676	2.249055e+04	3.775314e-01	
677	2.259436e+04	3.775314e-01	
678	2.269865e+04	3.775314e-01	
679	2.280342e+04	3.775315e-01	
680	2.290868e+04	3.775315e-01	
681	2.301442e+04	3.775315e-01	
682	2.312065e+04	3.775315e-01	
683	2.322737e+04	3.775316e-01	
684	2.333458e+04	3.775316e-01	
685	2.344229e+04	3.775316e-01	
686	2.355049e+04	3.775316e-01	
687	2.365920e+04	3.775317e-01	
688	2.376840e+04	3.775317e-01	
689	2.387811e+04	3.775317e-01	
690	2.398833e+04	3.775317e-01	
691	2.409905e+04	3.775317e-01	
692	2.421029e+04	3.775318e-01	
693	2.432204e+04	3.775318e-01	
694	2.443431e+04	3.775318e-01	
695	2.454709e+04	3.775318e-01	
696	2.466039e+04	3.775318e-01	
697	2.477422e+04	3.775319e-01	
698	2.488857e+04	3.775319e-01	
699	2.500345e+04	3.775319e-01	
700	2.511886e+04	3.775319e-01	
701	2.523481e+04	3.775319e-01	
702	2.535129e+04	3.775320e-01	
703	2.546830e+04	3.775320e-01	
704	2.558586e+04	3.775320e-01	
705	2.570396e+04	3.775320e-01	
706	2.582260e+04	3.775320e-01	
707	2.594179e+04	3.775321e-01	
708	2.606154e+04	3.775321e-01	
709	2.618183e+04	3.775321e-01	
710	2.630268e+04	3.775321e-01	
711	2.642409e+04	3.775321e-01	
712	2.654606e+04	3.775321e-01	
713	2.666859e+04	3.775322e-01	
714	2.679168e+04	3.775322e-01	
715	2.691535e+04	3.775322e-01	
716	2.703958e+04	3.775322e-01	
717	2.716439e+04	3.775322e-01	
718	2.728978e+04	3.775322e-01	
719	2.741574e+04	3.775323e-01	
720	2.754229e+04	3.775323e-01	
721	2.766942e+04	3.775323e-01	
722	2.779713e+04	3.775323e-01	
723	2.792544e+04	3.775323e-01	
724	2.805434e+04	3.775323e-01	
725	2.818383e+04	3.775324e-01	
726	2.831392e+04	3.775324e-01	
727	2.844461e+04	3.775324e-01	
728	2.857591e+04	3.775324e-01	
729	2.870781e+04	3.775324e-01	
730	2.884032e+04	3.775324e-01	
731	2.897344e+04	3.775324e-01	
732	2.910717e+04	3.775325e-01	
733	2.924152e+04	3.775325e-01	
734	2.937650e+04	3.775325e-01	
735	2.951209e+04	3.775325e-01	
736	2.964831e+04	3.775325e-01	
737	2.978516e+04	3.775325e-01	
738	2.992265e+04	3.775325e-01	
739	3.006076e+04	3.775326e-01	
740	3.019952e+04	3.775326e-01	
741	3.033891e+04	3.775326e-01	
742	3.047895e+04	3.775326e-01	
743	3.061963e+04	3.775326e-01	
744	3.076097e+04	3.775326e-01	
745	3.090295e+04	3.775326e-01	
746	3.104560e+04	3.775326e-01	
747	3.118890e+04	3.775327e-01	
748	3.133286e+04	3.775327e-01	
749	3.147748e+04	3.775327e-01	
750	3.162278e+04	3.775327e-01	
751	3.176874e+04	3.775327e-01	
752	3.191538e+04	3.775327e-01	
753	3.206269e+04	3.775327e-01	
754	3.221069e+04	3.775327e-01	
755	3.235937e+04	3.775327e-01	
756	3.250873e+04	3.775328e-01	
757	3.265878e+04	3.775328e-01	
758	3.280953e+04	3.775328e-01	
759	3.296097e+04	3.775328e-01	
760	3.311311e+04	3.775328e-01	
761	3.326596e+04	3.775328e-01	
762	3.341950e+04	3.775328e-01	
763	3.357376e+04	3.775328e-01	
764	3.372873e+04	3.775328e-01	
765	3.388442e+04	3.775329e-01	
766	3.404082e+04	3.775329e-01	
767	3.419794e+04	3.775329e-01	
768	3.435579e+04	3.775329e-01	
769	3.451437e+04	3.775329e-01	
770	3.467369e+04	3.775329e-01	
771	3.483373e+04	3.775329e-01	
772	3.499452e+04	3.775329e-01	
773	3.515604e+04	3.775329e-01	
774	3.531832e+04	3.775329e-01	
775	3.548134e+04	3.775329e-01	
776	3.564511e+04	3.775330e-01	
777	3.580964e+04	3.775330e-01	
778	3.597493e+04	3.775330e-01	
779	3.614099e+04	3.775330e-01	
780	3.630781e+04	3.775330e-01	
781	3.647539e+04	3.775330e-01	
782	3.664376e+04	3.775330e-01	
783	3.681290e+04	3.775330e-01	
784	3.698282e+04	3.775330e-01	
785	3.715352e+04	3.775330e-01	
786	3.732502e+04	3.775330e-01	
787	3.749730e+04	3.775330e-01	
788	3.767038e+04	3.775331e-01	
789	3.784426e+04	3.775331e-01	
790	3.801894e+04	3.775331e-01	
791	3.819443e+04	3.775331e-01	
792	3.837072e+04	3.775331e-01	
793	3.854784e+04	3.775331e-01	
794	3.872576e+04	3.775331e-01	
795	3.890451e+04	3.775331e-01	
796	3.908409e+04	3.775331e-01	
797	3.926449e+04	3.775331e-01	
798	3.944573e+04	3.775331e-01	
799	3.962780e+04	3.775331e-01	
800	3.981072e+04	3.775331e-01	
801	3.999447e+04	3.775331e-01	
802	4.017908e+04	3.775331e-01	
803	4.036454e+04	3.775332e-01	
804	4.055085e+04	3.775332e-01	
805	4.073803e+04	3.775332e-01	
806	4.092607e+04	3.775332e-01	
807	4.111497e+04	3.775332e-01	
808	4.130475e+04	3.775332e-01	
809	4.149540e+04	3.775332e-01	
810	4.168694e+04	3.775332e-01	
811	4.187936e+04	3.775332e-01	
812	4.207266e+04	3.775332e-01	
813	4.226686e+04	3.775332e-01	
814	4.246196e+04	3.775332e-01	
815	4.265795e+04	3.775332e-01	
816	4.285485e+04	3.775332e-01	
817	4.305266e+04	3.775332e-01	
818	4.325138e+04	3.775332e-01	
819	4.345102e+04	3.775332e-01	
820	4.365158e+04	3.775332e-01	
821	4.385307e+04	3.775333e-01	
822	4.405549e+04	3.775333e-01	
823	4.425884e+04	3.775333e-01	
824	4.446313e+04	3.775333e-01	
825	4.466836e+04	3.775333e-01	
826	4.487454e+04	3.775333e-01	
827	4.508167e+04	3.775333e-01	
828	4.528976e+04	3.775333e-01	
829	4.549881e+04	3.775333e-01	
830	4.570882e+04	3.775333e-01	
831	4.591980e+04	3.775333e-01	
832	4.613176e+04	3.775333e-01	
833	4.634469e+04	3.775333e-01	
834	4.655861e+04	3.775333e-01	
835	4.677351e+04	3.775333e-01	
836	4.698941e+04	3.775333e-01	
837	4.720630e+04	3.775333e-01	
838	4.742420e+04	3.775333e-01	
839	4.764310e+04	3.775333e-01	
840	4.786301e+04	3.775333e-01	
841	4.808393e+04	3.775333e-01	
842	4.830588e+04	3.775333e-01	
843	4.852885e+04	3.775333e-01	
844	4.875285e+04	3.775333e-01	
845	4.897788e+04	3.775333e-01	
846	4.920395e+04	3.775333e-01	
847	4.943107e+04	3.775333e-01	
848	4.965923e+04	3.775333e-01	
849	4.988845e+04	3.775333e-01	
850	5.011872e+04	3.775334e-01	
851	5.035006e+04	3.775334e-01	
852	5.058247e+04	3.775334e-01	
853	5.081594e+04	3.775334e-01	
854	5.105050e+04	3.775334e-01	
855	5.128614e+04	3.775334e-01	
856	5.152286e+04	3.775334e-01	
857	5.176068e+04	3.775334e-01	
858	5.199960e+04	3.775334e-01	
859	5.223962e+04	3.775334e-01	
860	5.248075e+04	3.775334e-01	
861	5.272299e+04	3.775334e-01	
862	5.296634e+04	3.775334e-01	
863	5.321083e+04	3.775334e-01	
864	5.345644e+04	3.775334e-01	
865	5.370318e+04	3.775334e-01	
866	5.395106e+04	3.775334e-01	
867	5.420009e+04	3.775334e-01	
868	5.445027e+04	3.775334e-01	
869	5.470160e+04	3.775334e-01	
870	5.495409e+04	3.775334e-01	
871	5.520774e+04	3.775334e-01	
872	5.546257e+04	3.775334e-01	
873	5.571857e+04	3.775334e-01	
874	5.597576e+04	3.775334e-01	
875	5.623413e+04	3.775334e-01	
876	5.649370e+04	3.775334e-01	
877	5.675446e+04	3.775334e-01	
878	5.701643e+04	3.775334e-01	
879	5.727960e+04	3.775334e-01	
880	5.754399e+04	3.775334e-01	
881	5.780960e+04	3.775334e-01	
882	5.807644e+04	3.775334e-01	
883	5.834451e+04	3.775334e-01	
884	5.861382e+04	3.775334e-01	
885	5.888437e+04	3.775334e-01	
886	5.915616e+04	3.775334e-01	
887	5.942922e+04	3.775334e-01	
888	5.970353e+04	3.775334e-01	
889	5.997911e+04	3.775334e-01	
890	6.025596e+04	3.775334e-01	
891	6.053409e+04	3.775334e-01	
892	6.081350e+04	3.775334e-01	
893	6.109420e+04	3.775334e-01	
894	6.137620e+04	3.775334e-01	
895	6.165950e+04	3.775334e-01	
896	6.194411e+04	3.775334e-01	
897	6.223003e+04	3.775334e-01	
898	6.251727e+04	3.775334e-01	
899	6.280584e+04	3.775334e-01	
900	6.309573e+04	3.775334e-01	
901	6.338697e+04	3.775334e-01	
902	6.367955e+04	3.775334e-01	
903	6.397348e+04	3.775334e-01	
904	6.426877e+04	3.775334e-01	
905	6.456542e+04	3.775334e-01	
906	6.486344e+04	3.775334e-01	
907	6.516284e+04	3.775334e-01	
908	6.546362e+04	3.775334e-01	
909	6.576578e+04	3.775334e-01	
910	6.606934e+04	3.775334e-01	
911	6.637431e+04	3.775334e-01	
912	6.668068e+04	3.775334e-01	
913	6.698846e+04	3.775334e-01	
914	6.729767e+04	3.775334e-01	
915	6.760830e+04	3.775334e-01	
916	6.792036e+04	3.775334e-01	
917	6.823387e+04	3.775334e-01	
918	6.854882e+04	3.775334e-01	
919	6.886523e+04	3.775333e-01	
920	6.918310e+04	3.775333e-01	
921	6.950243e+04	3.775333e-01	
922	6.982324e+04	3.775333e-01	
923	7.014553e+04	3.775333e-01	
924	7.046931e+04	3.775333e-01	
925	7.079458e+04	3.775333e-01	
926	7.112135e+04	3.775333e-01	
927	7.144963e+04	3.775333e-01	
928	7.177943e+04	3.775333e-01	
929	7.211075e+04	3.775333e-01	
930	7.244360e+04	3.775333e-01	
931	7.277798e+04	3.775333e-01	
932	7.311391e+04	3.775333e-01	
933	7.345139e+04	3.775333e-01	
934	7.379042e+04	3.775333e-01	
935	7.413102e+04	3.775333e-01	
936	7.447320e+04	3.775333e-01	
937	7.481695e+04	3.775333e-01	
938	7.516229e+04	3.775333e-01	
939	7.550922e+04	3.775333e-01	
940	7.585776e+04	3.775333e-01	
941	7.620790e+04	3.775333e-01	
942	7.655966e+04	3.775333e-01	
943	7.691304e+04	3.775333e-01	
944	7.726806e+04	3.775333e-01	
945	7.762471e+04	3.775333e-01	
946	7.798301e+04	3.775333e-01	
947	7.834296e+04	3.775333e-01	
948	7.870458e+04	3.775332e-01	
949	7.906786e+04	3.775332e-01	
950	7.943282e+04	3.775332e-01	
951	7.979947e+04	3.775332e-01	
952	8.016781e+04	3.775332e-01	
953	8.053784e+04	3.775332e-01	
954	8.090959e+04	3.775332e-01	
955	8.128305e+04	3.775332e-01	
956	8.165824e+04	3.775332e-01	
957	8.203515e+04	3.775332e-01	
958	8.241381e+04	3.775332e-01	
959	8.279422e+04	3.775332e-01	
960	8.317638e+04	3.775332e-01	
961	8.356030e+04	3.775332e-01	
962	8.394600e+04	3.775332e-01	
963	8.433348e+04	3.775332e-01	
964	8.472274e+04	3.775332e-01	
965	8.511380e+04	3.775332e-01	
966	8.550667e+04	3.775331e-01	
967	8.590135e+04	3.775331e-01	
968	8.629785e+04	3.775331e-01	
969	8.669619e+04	3.775331e-01	
970	8.709636e+04	3.775331e-01	
971	8.749838e+04	3.775331e-01	
972	8.790225e+04	3.775331e-01	
973	8.830799e+04	3.775331e-01	
974	8.871560e+04	3.775331e-01	
975	8.912509e+04	3.775331e-01	
976	8.953648e+04	3.775331e-01	
977	8.994976e+04	3.775331e-01	
978	9.036495e+04	3.775331e-01	
979	9.078205e+04	3.775331e-01	
980	9.120108e+04	3.775331e-01	
981	9.162205e+04	3.775330e-01	
982	9.204496e+04	3.775330e-01	
983	9.246982e+04	3.775330e-01	
984	9.289664e+04	3.775330e-01	
985	9.332543e+04	3.775330e-01	
986	9.375620e+04	3.775330e-01	
987	9.418896e+04	3.775330e-01	
988	9.462372e+04	3.775330e-01	
989	9.506048e+04	3.775330e-01	
990	9.549926e+04	3.775330e-01	
991	9.594006e+04	3.775330e-01	
992	9.638290e+04	3.775330e-01	
993	9.682779e+04	3.775329e-01	
994	9.727472e+04	3.775329e-01	
995	9.772372e+04	3.775329e-01	
996	9.817479e+04	3.775329e-01	
997	9.862795e+04	3.775329e-01	
998	9.908319e+04	3.775329e-01	
999	9.954054e+04	3.775329e-01	
1000	1.000000e+05	3.775329e-01	
1001	1.004616e+05	3.775329e-01	
1002	1.009253e+05	3.775329e-01	
1003	1.013911e+05	3.775329e-01	
1004	1.018591e+05	3.775328e-01	
1005	1.023293e+05	3.775328e-01	
1006	1.028016e+05	3.775328e-01	
1007	1.032761e+05	3.775328e-01	
1008	1.037528e+05	3.775328e-01	
1009	1.042317e+05	3.775328e-01	
1010	1.047129e+05	3.775328e-01	
1011	1.051962e+05	3.775328e-01	
1012	1.056818e+05	3.775328e-01	
1013	1.061696e+05	3.775327e-01	
1014	1.066596e+05	3.775327e-01	
1015	1.071519e+05	3.775327e-01	
1016	1.076465e+05	3.775327e-01	
1017	1.081434e+05	3.775327e-01	
1018	1.086426e+05	3.775327e-01	
1019	1.091440e+05	3.775327e-01	
1020	1.096478e+05	3.775327e-01	
1021	1.101539e+05	3.775327e-01	
1022	1.106624e+05	3.775326e-01	
1023	1.111732e+05	3.775326e-01	
1024	1.116863e+05	3.775326e-01	
1025	1.122018e+05	3.775326e-01	
1026	1.127197e+05	3.775326e-01	
1027	1.132400e+05	3.775326e-01	
1028	1.137627e+05	3.775326e-01	
1029	1.142878e+05	3.775326e-01	
1030	1.148154e+05	3.775325e-01	
1031	1.153453e+05	3.775325e-01	
1032	1.158777e+05	3.775325e-01	
1033	1.164126e+05	3.775325e-01	
1034	1.169499e+05	3.775325e-01	
1035	1.174898e+05	3.775325e-01	
1036	1.180321e+05	3.775325e-01	
1037	1.185769e+05	3.775324e-01	
1038	1.191242e+05	3.775324e-01	
1039	1.196741e+05	3.775324e-01	
1040	1.202264e+05	3.775324e-01	
1041	1.207814e+05	3.775324e-01	
1042	1.213389e+05	3.775324e-01	
1043	1.218990e+05	3.775324e-01	
1044	1.224616e+05	3.775323e-01	
1045	1.230269e+05	3.775323e-01	
1046	1.235947e+05	3.775323e-01	
1047	1.241652e+05	3.775323e-01	
1048	1.247384e+05	3.775323e-01	
1049	1.253141e+05	3.775323e-01	
1050	1.258925e+05	3.775322e-01	
1051	1.264736e+05	3.775322e-01	
1052	1.270574e+05	3.775322e-01	
1053	1.276439e+05	3.775322e-01	
1054	1.282331e+05	3.775322e-01	
1055	1.288250e+05	3.775322e-01	
1056	1.294196e+05	3.775321e-01	
1057	1.300170e+05	3.775321e-01	
1058	1.306171e+05	3.775321e-01	
1059	1.312200e+05	3.775321e-01	
1060	1.318257e+05	3.775321e-01	
1061	1.324342e+05	3.775321e-01	
1062	1.330454e+05	3.775320e-01	
1063	1.336596e+05	3.775320e-01	
1064	1.342765e+05	3.775320e-01	
1065	1.348963e+05	3.775320e-01	
1066	1.355189e+05	3.775320e-01	
1067	1.361445e+05	3.775319e-01	
1068	1.367729e+05	3.775319e-01	
1069	1.374042e+05	3.775319e-01	
1070	1.380384e+05	3.775319e-01	
1071	1.386756e+05	3.775319e-01	
1072	1.393157e+05	3.775318e-01	
1073	1.399587e+05	3.775318e-01	
1074	1.406048e+05	3.775318e-01	
1075	1.412538e+05	3.775318e-01	
1076	1.419058e+05	3.775318e-01	
1077	1.425608e+05	3.775317e-01	
1078	1.432188e+05	3.775317e-01	
1079	1.438799e+05	3.775317e-01	
1080	1.445440e+05	3.775317e-01	
1081	1.452112e+05	3.775316e-01	
1082	1.458814e+05	3.775316e-01	
1083	1.465548e+05	3.775316e-01	
1084	1.472313e+05	3.775316e-01	
1085	1.479108e+05	3.775316e-01	
1086	1.485936e+05	3.775315e-01	
1087	1.492794e+05	3.775315e-01	
1088	1.499685e+05	3.775315e-01	
1089	1.506607e+05	3.775315e-01	
1090	1.513561e+05	3.775314e-01	
1091	1.520548e+05	3.775314e-01	
1092	1.527566e+05	3.775314e-01	
1093	1.534617e+05	3.775314e-01	
1094	1.541700e+05	3.775313e-01	
1095	1.548817e+05	3.775313e-01	
1096	1.555966e+05	3.775313e-01	
1097	1.563148e+05	3.775313e-01	
1098	1.570363e+05	3.775312e-01	
1099	1.577611e+05	3.775312e-01	
1100	1.584893e+05	3.775312e-01	
1101	1.592209e+05	3.775312e-01	
1102	1.599558e+05	3.775311e-01	
1103	1.606941e+05	3.775311e-01	
1104	1.614359e+05	3.775311e-01	
1105	1.621810e+05	3.775310e-01	
1106	1.629296e+05	3.775310e-01	
1107	1.636817e+05	3.775310e-01	
1108	1.644372e+05	3.775310e-01	
1109	1.651962e+05	3.775309e-01	
1110	1.659587e+05	3.775309e-01	
1111	1.667247e+05	3.775309e-01	
1112	1.674943e+05	3.775308e-01	
1113	1.682674e+05	3.775308e-01	
1114	1.690441e+05	3.775308e-01	
1115	1.698244e+05	3.775307e-01	
1116	1.706082e+05	3.775307e-01	
1117	1.713957e+05	3.775307e-01	
1118	1.721869e+05	3.775307e-01	
1119	1.729816e+05	3.775306e-01	
1120	1.737801e+05	3.775306e-01	
1121	1.745822e+05	3.775306e-01	
1122	1.753881e+05	3.775305e-01	
1123	1.761976e+05	3.775305e-01	
1124	1.770109e+05	3.775305e-01	
1125	1.778279e+05	3.775304e-01	
1126	1.786488e+05	3.775304e-01	
1127	1.794734e+05	3.775304e-01	
1128	1.803018e+05	3.775303e-01	
1129	1.811340e+05	3.775303e-01	
1130	1.819701e+05	3.775302e-01	
1131	1.828100e+05	3.775302e-01	
1132	1.836538e+05	3.775302e-01	
1133	1.845015e+05	3.775301e-01	
1134	1.853532e+05	3.775301e-01	
1135	1.862087e+05	3.775301e-01	
1136	1.870682e+05	3.775300e-01	
1137	1.879317e+05	3.775300e-01	
1138	1.887991e+05	3.775300e-01	
1139	1.896706e+05	3.775299e-01	
1140	1.905461e+05	3.775299e-01	
1141	1.914256e+05	3.775298e-01	
1142	1.923092e+05	3.775298e-01	
1143	1.931968e+05	3.775298e-01	
1144	1.940886e+05	3.775297e-01	
1145	1.949845e+05	3.775297e-01	
1146	1.958845e+05	3.775296e-01	
1147	1.967886e+05	3.775296e-01	
1148	1.976970e+05	3.775295e-01	
1149	1.986095e+05	3.775295e-01	
1150	1.995262e+05	3.775295e-01	
1151	2.004472e+05	3.775294e-01	
1152	2.013724e+05	3.775294e-01	
1153	2.023019e+05	3.775293e-01	
1154	2.032357e+05	3.775293e-01	
1155	2.041738e+05	3.775292e-01	
1156	2.051162e+05	3.775292e-01	
1157	2.060630e+05	3.775292e-01	
1158	2.070141e+05	3.775291e-01	
1159	2.079697e+05	3.775291e-01	
1160	2.089296e+05	3.775290e-01	
1161	2.098940e+05	3.775290e-01	
1162	2.108628e+05	3.775289e-01	
1163	2.118361e+05	3.775289e-01	
1164	2.128139e+05	3.775288e-01	
1165	2.137962e+05	3.775288e-01	
1166	2.147830e+05	3.775287e-01	
1167	2.157744e+05	3.775287e-01	
1168	2.167704e+05	3.775286e-01	
1169	2.177710e+05	3.775286e-01	
1170	2.187762e+05	3.775285e-01	
1171	2.197860e+05	3.775285e-01	
1172	2.208005e+05	3.775284e-01	
1173	2.218196e+05	3.775284e-01	
1174	2.228435e+05	3.775283e-01	
1175	2.238721e+05	3.775283e-01	
1176	2.249055e+05	3.775282e-01	
1177	2.259436e+05	3.775281e-01	
1178	2.269865e+05	3.775281e-01	
1179	2.280342e+05	3.775280e-01	
1180	2.290868e+05	3.775280e-01	
1181	2.301442e+05	3.775279e-01	
1182	2.312065e+05	3.775279e-01	
1183	2.322737e+05	3.775278e-01	
1184	2.333458e+05	3.775277e-01	
1185	2.344229e+05	3.775277e-01	
1186	2.355049e+05	3.775276e-01	
1187	2.365920e+05	3.775276e-01	
1188	2.376840e+05	3.775275e-01	
1189	2.387811e+05	3.775274e-01	
1190	2.398833e+05	3.775274e-01	
1191	2.409905e+05	3.775273e-01	
1192	2.421029e+05	3.775273e-01	
1193	2.432204e+05	3.775272e-01	
1194	2.443431e+05	3.775271e-01	
1195	2.454709e+05	3.775271e-01	
1196	2.466039e+05	3.775270e-01	
1197	2.477422e+05	3.775269e-01	
1198	2.488857e+05	3.775269e-01	
1199	2.500345e+05	3.775268e-01	
1200	2.511886e+05	3.775267e-01	
1201	2.523481e+05	3.775267e-01	
1202	2.535129e+05	3.775266e-01	
1203	2.546830e+05	3.775265e-01	
1204	2.558586e+05	3.775264e-01	
1205	2.570396e+05	3.775264e-01	
1206	2.582260e+05	3.775263e-01	
1207	2.594179e+05	3.775262e-01	
1208	2.606154e+05	3.775262e-01	
1209	2.618183e+05	3.775261e-01	
1210	2.630268e+05	3.775260e-01	
1211	2.642409e+05	3.775259e-01	
1212	2.654606e+05	3.775259e-01	
1213	2.666859e+05	3.775258e-01	
1214	2.679168e+05	3.775257e-01	
1215	2.691535e+05	3.775256e-01	
1216	2.703958e+05	3.775255e-01	
1217	2.716439e+05	3.775255e-01	
1218	2.728978e+05	3.775254e-01	
1219	2.741574e+05	3.775253e-01	
1220	2.754229e+05	3.775252e-01	
1221	2.766942e+05	3.775251e-01	
1222	2.779713e+05	3.775251e-01	
1223	2.792544e+05	3.775250e-01	
1224	2.805434e+05	3.775249e-01	
1225	2.818383e+05	3.775248e-01	
1226	2.831392e+05	3.775247e-01	
1227	2.844461e+05	3.775246e-01	
1228	2.857591e+05	3.775245e-01	
1229	2.870781e+05	3.775244e-01	
1230	2.884032e+05	3.775244e-01	
1231	2.897344e+05	3.775243e-01	
1232	2.910717e+05	3.775242e-01	
1233	2.924152e+05	3.775241e-01	
1234	2.937650e+05	3.775240e-01	
1235	2.951209e+05	3.775239e-01	
1236	2.964831e+05	3.775238e-01	
1237	2.978516e+05	3.775237e-01	
1238	2.992265e+05	3.775236e-01	
1239	3.006076e+05	3.775235e-01	
1240	3.019952e+05	3.775234e-01	
1241	3.033891e+05	3.775233e-01	
1242	3.047895e+05	3.775232e-01	
1243	3.061963e+05	3.775231e-01	
1244	3.076097e+05	3.775230e-01	
1245	3.090295e+05	3.775229e-01	
1246	3.104560e+05	3.775228e-01	
1247	3.118890e+05	3.775227e-01	
1248	3.133286e+05	3.775226e-01	
1249	3.147748e+05	3.775225e-01	
1250	3.162278e+05	3.775224e-01	
1251	3.176874e+05	3.775223e-01	
1252	3.191538e+05	3.775221e-01	
1253	3.206269e+05	3.775220e-01	
1254	3.221069e+05	3.775219e-01	
1255	3.235937e+05	3.775218e-01	
1256	3.250873e+05	3.775217e-01	
1257	3.265878e+05	3.775216e-01	
1258	3.280953e+05	3.775215e-01	
1259	3.296097e+05	3.775213e-01	
1260	3.311311e+05	3.775212e-01	
1261	3.326596e+05	3.775211e-01	
1262	3.341950e+05	3.775210e-01	
1263	3.357376e+05	3.775209e-01	
1264	3.372873e+05	3.775207e-01	
1265	3.388442e+05	3.775206e-01	
1266	3.404082e+05	3.775205e-01	
1267	3.419794e+05	3.775204e-01	
1268	3.435579e+05	3.775202e-01	
1269	3.451437e+05	3.775201e-01	
1270	3.467369e+05	3.775200e-01	
1271	3.483373e+05	3.775198e-01	
1272	3.499452e+05	3.775197e-01	
1273	3.515604e+05	3.775196e-01	
1274	3.531832e+05	3.775194e-01	
1275	3.548134e+05	3.775193e-01	
1276	3.564511e+05	3.775192e-01	
1277	3.580964e+05	3.775190e-01	
1278	3.597493e+05	3.775189e-01	
1279	3.614099e+05	3.775188e-01	
1280	3.630781e+05	3.775186e-01	
1281	3.647539e+05	3.775185e-01	
1282	3.664376e+05	3.775183e-01	
1283	3.681290e+05	3.775182e-01	
1284	3.698282e+05	3.775180e-01	
1285	3.715352e+05	3.775179e-01	
1286	3.732502e+05	3.775177e-01	
1287	3.749730e+05	3.775176e-01	
1288	3.767038e+05	3.775174e-01	
1289	3.784426e+05	3.775173e-01	
1290	3.801894e+05	3.775171e-01	
1291	3.819443e+05	3.775169e-01	
1292	3.837072e+05	3.775168e-01	
1293	3.854784e+05	3.775166e-01	
1294	3.872576e+05	3.775165e-01	
1295	3.890451e+05	3.775163e-01	
1296	3.908409e+05	3.775161e-01	
1297	3.926449e+05	3.775160e-01	
1298	3.944573e+05	3.775158e-01	
1299	3.962780e+05	3.775156e-01	
1300	3.981072e+05	3.775155e-01	
1301	3.999447e+05	3.775153e-01	
1302	4.017908e+05	3.775151e-01	
1303	4.036454e+05	3.775149e-01	
1304	4.055085e+05	3.775148e-01	
1305	4.073803e+05	3.775146e-01	
1306	4.092607e+05	3.775144e-01	
1307	4.111497e+05	3.775142e-01	
1308	4.130475e+05	3.775140e-01	
1309	4.149540e+05	3.775138e-01	
1310	4.168694e+05	3.775137e-01	
1311	4.187936e+05	3.775135e-01	
1312	4.207266e+05	3.775133e-01	
1313	4.226686e+05	3.775131e-01	
1314	4.246196e+05	3.775129e-01	
1315	4.265795e+05	3.775127e-01	
1316	4.285485e+05	3.775125e-01	
1317	4.305266e+05	3.775123e-01	
1318	4.325138e+05	3.775121e-01	
1319	4.345102e+05	3.775119e-01	
1320	4.365158e+05	3.775117e-01	
1321	4.385307e+05	3.775115e-01	
1322	4.405549e+05	3.775113e-01	
1323	4.425884e+05	3.775110e-01	
1324	4.446313e+05	3.775108e-01	
1325	4.466836e+05	3.775106e-01	
1326	4.487454e+05	3.775104e-01	
1327	4.508167e+05	3.775102e-01	
1328	4.528976e+05	3.775099e-01	
1329	4.549881e+05	3.775097e-01	
1330	4.570882e+05	3.775095e-01	
1331	4.591980e+05	3.775093e-01	
1332	4.613176e+05	3.775090e-01	
1333	4.634469e+05	3.775088e-01	
1334	4.655861e+05	3.775086e-01	
1335	4.677351e+05	3.775083e-01	
1336	4.698941e+05	3.775081e-01	
1337	4.720630e+05	3.775079e-01	
1338	4.742420e+05	3.775076e-01	
1339	4.764310e+05	3.775074e-01	
1340	4.786301e+05	3.775071e-01	
1341	4.808393e+05	3.775069e-01	
1342	4.830588e+05	3.775066e-01	
1343	4.852885e+05	3.775064e-01	
1344	4.875285e+05	3.775061e-01	
1345	4.897788e+05	3.775058e-01	
1346	4.920395e+05	3.775056e-01	
1347	4.943107e+05	3.775053e-01	
1348	4.965923e+05	3.775050e-01	
1349	4.988845e+05	3.775048e-01	
1350	5.011872e+05	3.775045e-01	
1351	5.035006e+05	3.775042e-01	
1352	5.058247e+05	3.775040e-01	
1353	5.081594e+05	3.775037e-01	
1354	5.105050e+05	3.775034e-01	
1355	5.128614e+05	3.775031e-01	
1356	5.152286e+05	3.775028e-01	
1357	5.176068e+05	3.775025e-01	
1358	5.199960e+05	3.775022e-01	
1359	5.223962e+05	3.775019e-01	
1360	5.248075e+05	3.775016e-01	
1361	5.272299e+05	3.775013e-01	
1362	5.296634e+05	3.775010e-01	
1363	5.321083e+05	3.775007e-01	
1364	5.345644e+05	3.775004e-01	
1365	5.370318e+05	3.775001e-01	
1366	5.395106e+05	3.774998e-01	
1367	5.420009e+05	3.774995e-01	
1368	5.445027e+05	3.774991e-01	
1369	5.470160e+05	3.774988e-01	
1370	5.495409e+05	3.774985e-01	
1371	5.520774e+05	3.774982e-01	
1372	5.546257e+05	3.774978e-01	
1373	5.571857e+05	3.774975e-01	
1374	5.597576e+05	3.774972e-01	
1375	5.623413e+05	3.774968e-01	
1376	5.649370e+05	3.774965e-01	
1377	5.675446e+05	3.774961e-01	
1378	5.701643e+05	3.774958e-01	
1379	5.727960e+05	3.774954e-01	
1380	5.754399e+05	3.774951e-01	
1381	5.780960e+05	3.774947e-01	
1382	5.807644e+05	3.774943e-01	
1383	5.834451e+05	3.774940e-01	
1384	5.861382e+05	3.774936e-01	
1385	5.888437e+05	3.774932e-01	
1386	5.915616e+05	3.774928e-01	
1387	5.942922e+05	3.774924e-01	
1388	5.970353e+05	3.774921e-01	
1389	5.997911e+05	3.774917e-01	
1390	6.025596e+05	3.774913e-01	
1391	6.053409e+05	3.774909e-01	
1392	6.081350e+05	3.774905e-01	
1393	6.109420e+05	3.774901e-01	
1394	6.137620e+05	3.774897e-01	
1395	6.165950e+05	3.774893e-01	
1396	6.194411e+05	3.774888e-01	
1397	6.223003e+05	3.774884e-01	
1398	6.251727e+05	3.774880e-01	
1399	6.280584e+05	3.774876e-01	
1400	6.309573e+05	3.774871e-01	
1401	6.338697e+05	3.774867e-01	
1402	6.367955e+05	3.774863e-01	
1403	6.397348e+05	3.774858e-01	
1404	6.426877e+05	3.774854e-01	
1405	6.456542e+05	3.774849e-01	
1406	6.486344e+05	3.774845e-01	
1407	6.516284e+05	3.774840e-01	
1408	6.546362e+05	3.774835e-01	
1409	6.576578e+05	3.774831e-01	
1410	6.606934e+05	3.774826e-01	
1411	6.637431e+05	3.774821e-01	
1412	6.668068e+05	3.774816e-01	
1413	6.698846e+05	3.774812e-01	
1414	6.729767e+05	3.774807e-01	
1415	6.760830e+05	3.774802e-01	
1416	6.792036e+05	3.774797e-01	
1417	6.823387e+05	3.774792e-01	
1418	6.854882e+05	3.774787e-01	
1419	6.886523e+05	3.774781e-01	
1420	6.918310e+05	3.774776e-01	
1421	6.950243e+05	3.774771e-01	
1422	6.982324e+05	3.774766e-01	
1423	7.014553e+05	3.774760e-01	
1424	7.046931e+05	3.774755e-01	
1425	7.079458e+05	3.774750e-01	
1426	7.112135e+05	3.774744e-01	
1427	7.144963e+05	3.774739e-01	
1428	7.177943e+05	3.774733e-01	
1429	7.211075e+05	3.774727e-01	
1430	7.244360e+05	3.774722e-01	
1431	7.277798e+05	3.774716e-01	
1432	7.311391e+05	3.774710e-01	
1433	7.345139e+05	3.774704e-01	
1434	7.379042e+05	3.774698e-01	
1435	7.413102e+05	3.774692e-01	
1436	7.447320e+05	3.774686e-01	
1437	7.481695e+05	3.774680e-01	
1438	7.516229e+05	3.774674e-01	
1439	7.550922e+05	3.774668e-01	
1440	7.585776e+05	3.774662e-01	
1441	7.620790e+05	3.774655e-01	
1442	7.655966e+05	3.774649e-01	
1443	7.691304e+05	3.774643e-01	
1444	7.726806e+05	3.774636e-01	
1445	7.762471e+05	3.774630e-01	
1446	7.798301e+05	3.774623e-01	
1447	7.834296e+05	3.774616e-01	
1448	7.870458e+05	3.774610e-01	
1449	7.906786e+05	3.774603e-01	
1450	7.943282e+05	3.774596e-01	
1451	7.979947e+05	3.774589e-01	
1452	8.016781e+05	3.774582e-01	
1453	8.053784e+05	3.774575e-01	
1454	8.090959e+05	3.774568e-01	
1455	8.128305e+05	3.774561e-01	
1456	8.165824e+05	3.774554e-01	
1457	8.203515e+05	3.774546e-01	
1458	8.241381e+05	3.774539e-01	
1459	8.279422e+05	3.774532e-01	
1460	8.317638e+05	3.774524e-01	
1461	8.356030e+05	3.774517e-01	
1462	8.394600e+05	3.774509e-01	
1463	8.433348e+05	3.774501e-01	
1464	8.472274e+05	3.774493e-01	
1465	8.511380e+05	3.774486e-01	
1466	8.550667e+05	3.774478e-01	
1467	8.590135e+05	3.774470e-01	
1468	8.629785e+05	3.774462e-01	
1469	8.669619e+05	3.774454e-01	
1470	8.709636e+05	3.774445e-01	
1471	8.749838e+05	3.774437e-01	
1472	8.790225e+05	3.774429e-01	
1473	8.830799e+05	3.774420e-01	
1474	8.871560e+05	3.774412e-01	
1475	8.912509e+05	3.774403e-01	
1476	8.953648e+05	3.774394e-01	
1477	8.994976e+05	3.774386e-01	
1478	9.036495e+05	3.774377e-01	
1479	9.078205e+05	3.774368e-01	
1480	9.120108e+05	3.774359e-01	
1481	9.162205e+05	3.774350e-01	
1482	9.204496e+05	3.774341e-01	
1483	9.246982e+05	3.774331e-01	
1484	9.289664e+05	3.774322e-01	
1485	9.332543e+05	3.774312e-01	
1486	9.375620e+05	3.774303e-01	
1487	9.418896e+05	3.774293e-01	
1488	9.462372e+05	3.774284e-01	
1489	9.506048e+05	3.774274e-01	
1490	9.549926e+05	3.774264e-01	
1491	9.594006e+05	3.774254e-01	
1492	9.638290e+05	3.774244e-01	
1493	9.682779e+05	3.774234e-01	
1494	9.727472e+05	3.774223e-01	
1495	9.772372e+05	3.774213e-01	
1496	9.817479e+05	3.774203e-01	
1497	9.862795e+05	3.774192e-01	
1498	9.908319e+05	3.774182e-01	
1499	9.954054e+05	3.774171e-01	
1500	1.000000e+06	3.774160e-01	
1501	1.004616e+06	3.774149e-01	
1502	1.009253e+06	3.774138e-01	
1503	1.013911e+06	3.774127e-01	
1504	1.018591e+06	3.774116e-01	
1505	1.023293e+06	3.774104e-01	
1506	1.028016e+06	3.774093e-01	
1507	1.032761e+06	3.774081e-01	
1508	1.037528e+06	3.774070e-01	
1509	1.042317e+06	3.774058e-01	
1510	1.047129e+06	3.774046e-01	
1511	1.051962e+06	3.774034e-01	
1512	1.056818e+06	3.774022e-01	
1513	1.061696e+06	3.774010e-01	
1514	1.066596e+06	3.773997e-01	
1515	1.071519e+06	3.773985e-01	
1516	1.076465e+06	3.773972e-01	
1517	1.081434e+06	3.773960e-01	
1518	1.086426e+06	3.773947e-01	
1519	1.091440e+06	3.773934e-01	
1520	1.096478e+06	3.773921e-01	
1521	1.101539e+06	3.773908e-01	
1522	1.106624e+06	3.773895e-01	
1523	1.111732e+06	3.773881e-01	
1524	1.116863e+06	3.773868e-01	
1525	1.122018e+06	3.773854e-01	
1526	1.127197e+06	3.773840e-01	
1527	1.132400e+06	3.773826e-01	
1528	1.137627e+06	3.773812e-01	
1529	1.142878e+06	3.773798e-01	
1530	1.148154e+06	3.773784e-01	
1531	1.153453e+06	3.773769e-01	
1532	1.158777e+06	3.773755e-01	
1533	1.164126e+06	3.773740e-01	
1534	1.169499e+06	3.773725e-01	
1535	1.174898e+06	3.773710e-01	
1536	1.180321e+06	3.773695e-01	
1537	1.185769e+06	3.773680e-01	
1538	1.191242e+06	3.773665e-01	
1539	1.196741e+06	3.773649e-01	
1540	1.202264e+06	3.773634e-01	
1541	1.207814e+06	3.773618e-01	
1542	1.213389e+06	3.773602e-01	
1543	1.218990e+06	3.773586e-01	
1544	1.224616e+06	3.773569e-01	
1545	1.230269e+06	3.773553e-01	
1546	1.235947e+06	3.773537e-01	
1547	1.241652e+06	3.773520e-01	
1548	1.247384e+06	3.773503e-01	
1549	1.253141e+06	3.773486e-01	
1550	1.258925e+06	3.773469e-01	
1551	1.264736e+06	3.773451e-01	
1552	1.270574e+06	3.773434e-01	
1553	1.276439e+06	3.773416e-01	
1554	1.282331e+06	3.773399e-01	
1555	1.288250e+06	3.773381e-01	
1556	1.294196e+06	3.773362e-01	
1557	1.300170e+06	3.773344e-01	
1558	1.306171e+06	3.773326e-01	
1559	1.312200e+06	3.773307e-01	
1560	1.318257e+06	3.773288e-01	
1561	1.324342e+06	3.773269e-01	
1562	1.330454e+06	3.773250e-01	
1563	1.336596e+06	3.773231e-01	
1564	1.342765e+06	3.773211e-01	
1565	1.348963e+06	3.773191e-01	
1566	1.355189e+06	3.773171e-01	
1567	1.361445e+06	3.773151e-01	
1568	1.367729e+06	3.773131e-01	
1569	1.374042e+06	3.773111e-01	
1570	1.380384e+06	3.773090e-01	
1571	1.386756e+06	3.773069e-01	
1572	1.393157e+06	3.773048e-01	
1573	1.399587e+06	3.773027e-01	
1574	1.406048e+06	3.773006e-01	
1575	1.412538e+06	3.772984e-01	
1576	1.419058e+06	3.772962e-01	
1577	1.425608e+06	3.772940e-01	
1578	1.432188e+06	3.772918e-01	
1579	1.438799e+06	3.772896e-01	
1580	1.445440e+06	3.772873e-01	
1581	1.452112e+06	3.772850e-01	
1582	1.458814e+06	3.772827e-01	
1583	1.465548e+06	3.772804e-01	
1584	1.472313e+06	3.772780e-01	
1585	1.479108e+06	3.772757e-01	
1586	1.485936e+06	3.772733e-01	
1587	1.492794e+06	3.772709e-01	
1588	1.499685e+06	3.772684e-01	
1589	1.506607e+06	3.772660e-01	
1590	1.513561e+06	3.772635e-01	
1591	1.520548e+06	3.772610e-01	
1592	1.527566e+06	3.772584e-01	
1593	1.534617e+06	3.772559e-01	
1594	1.541700e+06	3.772533e-01	
1595	1.548817e+06	3.772507e-01	
1596	1.555966e+06	3.772481e-01	
1597	1.563148e+06	3.772455e-01	
1598	1.570363e+06	3.772428e-01	
1599	1.577611e+06	3.772401e-01	
1600	1.584893e+06	3.772374e-01	
1601	1.592209e+06	3.772346e-01	
1602	1.599558e+06	3.772319e-01	
1603	1.606941e+06	3.772291e-01	
1604	1.614359e+06	3.772262e-01	
1605	1.621810e+06	3.772234e-01	
1606	1.629296e+06	3.772205e-01	
1607	1.636817e+06	3.772176e-01	
1608	1.644372e+06	3.772147e-01	
1609	1.651962e+06	3.772117e-01	
1610	1.659587e+06	3.772088e-01	
1611	1.667247e+06	3.772057e-01	
1612	1.674943e+06	3.772027e-01	
1613	1.682674e+06	3.771996e-01	
1614	1.690441e+06	3.771965e-01	
1615	1.698244e+06	3.771934e-01	
1616	1.706082e+06	3.771903e-01	
1617	1.713957e+06	3.771871e-01	
1618	1.721869e+06	3.771839e-01	
1619	1.729816e+06	3.771806e-01	
1620	1.737801e+06	3.771774e-01	
1621	1.745822e+06	3.771741e-01	
1622	1.753881e+06	3.771707e-01	
1623	1.761976e+06	3.771674e-01	
1624	1.770109e+06	3.771640e-01	
1625	1.778279e+06	3.771606e-01	
1626	1.786488e+06	3.771571e-01	
1627	1.794734e+06	3.771536e-01	
1628	1.803018e+06	3.771501e-01	
1629	1.811340e+06	3.771466e-01	
1630	1.819701e+06	3.771430e-01	
1631	1.828100e+06	3.771394e-01	
1632	1.836538e+06	3.771357e-01	
1633	1.845015e+06	3.771320e-01	
1634	1.853532e+06	3.771283e-01	
1635	1.862087e+06	3.771245e-01	
1636	1.870682e+06	3.771208e-01	
1637	1.879317e+06	3.771169e-01	
1638	1.887991e+06	3.771131e-01	
1639	1.896706e+06	3.771092e-01	
1640	1.905461e+06	3.771053e-01	
1641	1.914256e+06	3.771013e-01	
1642	1.923092e+06	3.770973e-01	
1643	1.931968e+06	3.770932e-01	
1644	1.940886e+06	3.770892e-01	
1645	1.949845e+06	3.770851e-01	
1646	1.958845e+06	3.770809e-01	
1647	1.967886e+06	3.770767e-01	
1648	1.976970e+06	3.770725e-01	
1649	1.986095e+06	3.770682e-01	
1650	1.995262e+06	3.770639e-01	
1651	2.004472e+06	3.770596e-01	
1652	2.013724e+06	3.770552e-01	
1653	2.023019e+06	3.770507e-01	
1654	2.032357e+06	3.770463e-01	
1655	2.041738e+06	3.770418e-01	
1656	2.051162e+06	3.770372e-01	
1657	2.060630e+06	3.770326e-01	
1658	2.070141e+06	3.770280e-01	
1659	2.079697e+06	3.770233e-01	
1660	2.089296e+06	3.770186e-01	
1661	2.098940e+06	3.770138e-01	
1662	2.108628e+06	3.770090e-01	
1663	2.118361e+06	3.770041e-01	
1664	2.128139e+06	3.769992e-01	
1665	2.137962e+06	3.769943e-01	
1666	2.147830e+06	3.769893e-01	
1667	2.157744e+06	3.769843e-01	
1668	2.167704e+06	3.769792e-01	
1669	2.177710e+06	3.769740e-01	
1670	2.187762e+06	3.769689e-01	
1671	2.197860e+06	3.769636e-01	
1672	2.208005e+06	3.769584e-01	
1673	2.218196e+06	3.769530e-01	
1674	2.228435e+06	3.769477e-01	
1675	2.238721e+06	3.769423e-01	
1676	2.249055e+06	3.769368e-01	
1677	2.259436e+06	3.769313e-01	
1678	2.269865e+06	3.769257e-01	
1679	2.280342e+06	3.769201e-01	
1680	2.290868e+06	3.769144e-01	
1681	2.301442e+06	3.769087e-01	
1682	2.312065e+06	3.769029e-01	
1683	2.322737e+06	3.768970e-01	
1684	2.333458e+06	3.768912e-01	
1685	2.344229e+06	3.768852e-01	
1686	2.355049e+06	3.768792e-01	
1687	2.365920e+06	3.768732e-01	
1688	2.376840e+06	3.768670e-01	
1689	2.387811e+06	3.768609e-01	
1690	2.398833e+06	3.768547e-01	
1691	2.409905e+06	3.768484e-01	
1692	2.421029e+06	3.768420e-01	
1693	2.432204e+06	3.768356e-01	
1694	2.443431e+06	3.768292e-01	
1695	2.454709e+06	3.768227e-01	
1696	2.466039e+06	3.768161e-01	
1697	2.477422e+06	3.768095e-01	
1698	2.488857e+06	3.768028e-01	
1699	2.500345e+06	3.767960e-01	
1700	2.511886e+06	3.767892e-01	
1701	2.523481e+06	3.767823e-01	
1702	2.535129e+06	3.767753e-01	
1703	2.546830e+06	3.767683e-01	
1704	2.558586e+06	3.767613e-01	
1705	2.570396e+06	3.767541e-01	
1706	2.582260e+06	3.767469e-01	
1707	2.594179e+06	3.767396e-01	
1708	2.606154e+06	3.767323e-01	
1709	2.618183e+06	3.767249e-01	
1710	2.630268e+06	3.767174e-01	
1711	2.642409e+06	3.767099e-01	
1712	2.654606e+06	3.767022e-01	
1713	2.666859e+06	3.766946e-01	
1714	2.679168e+06	3.766868e-01	
1715	2.691535e+06	3.766790e-01	
1716	2.703958e+06	3.766711e-01	
1717	2.716439e+06	3.766631e-01	
1718	2.728978e+06	3.766550e-01	
1719	2.741574e+06	3.766469e-01	
1720	2.754229e+06	3.766387e-01	
1721	2.766942e+06	3.766305e-01	
1722	2.779713e+06	3.766221e-01	
1723	2.792544e+06	3.766137e-01	
1724	2.805434e+06	3.766052e-01	
1725	2.818383e+06	3.765966e-01	
1726	2.831392e+06	3.765879e-01	
1727	2.844461e+06	3.765792e-01	
1728	2.857591e+06	3.765704e-01	
1729	2.870781e+06	3.765615e-01	
1730	2.884032e+06	3.765525e-01	
1731	2.897344e+06	3.765434e-01	
1732	2.910717e+06	3.765343e-01	
1733	2.924152e+06	3.765250e-01	
1734	2.937650e+06	3.765157e-01	
1735	2.951209e+06	3.765063e-01	
1736	2.964831e+06	3.764968e-01	
1737	2.978516e+06	3.764872e-01	
1738	2.992265e+06	3.764776e-01	
1739	3.006076e+06	3.764678e-01	
1740	3.019952e+06	3.764579e-01	
1741	3.033891e+06	3.764480e-01	
1742	3.047895e+06	3.764380e-01	
1743	3.061963e+06	3.764279e-01	
1744	3.076097e+06	3.764176e-01	
1745	3.090295e+06	3.764073e-01	
1746	3.104560e+06	3.763969e-01	
1747	3.118890e+06	3.763864e-01	
1748	3.133286e+06	3.763758e-01	
1749	3.147748e+06	3.763651e-01	
1750	3.162278e+06	3.763543e-01	
1751	3.176874e+06	3.763434e-01	
1752	3.191538e+06	3.763324e-01	
1753	3.206269e+06	3.763213e-01	
1754	3.221069e+06	3.763101e-01	
1755	3.235937e+06	3.762988e-01	
1756	3.250873e+06	3.762874e-01	
1757	3.265878e+06	3.762759e-01	
1758	3.280953e+06	3.762643e-01	
1759	3.296097e+06	3.762526e-01	
1760	3.311311e+06	3.762408e-01	
1761	3.326596e+06	3.762288e-01	
1762	3.341950e+06	3.762168e-01	
1763	3.357376e+06	3.762046e-01	
1764	3.372873e+06	3.761923e-01	
1765	3.388442e+06	3.761799e-01	
1766	3.404082e+06	3.761674e-01	
1767	3.419794e+06	3.761548e-01	
1768	3.435579e+06	3.761421e-01	
1769	3.451437e+06	3.761292e-01	
1770	3.467369e+06	3.761163e-01	
1771	3.483373e+06	3.761032e-01	
1772	3.499452e+06	3.760900e-01	
1773	3.515604e+06	3.760766e-01	
1774	3.531832e+06	3.760632e-01	
1775	3.548134e+06	3.760496e-01	
1776	3.564511e+06	3.760359e-01	
1777	3.580964e+06	3.760221e-01	
1778	3.597493e+06	3.760081e-01	
1779	3.614099e+06	3.759941e-01	
1780	3.630781e+06	3.759798e-01	
1781	3.647539e+06	3.759655e-01	
1782	3.664376e+06	3.759510e-01	
1783	3.681290e+06	3.759364e-01	
1784	3.698282e+06	3.759217e-01	
1785	3.715352e+06	3.759068e-01	
1786	3.732502e+06	3.758918e-01	
1787	3.749730e+06	3.758766e-01	
1788	3.767038e+06	3.758613e-01	
1789	3.784426e+06	3.758459e-01	
1790	3.801894e+06	3.758303e-01	
1791	3.819443e+06	3.758146e-01	
1792	3.837072e+06	3.757988e-01	
1793	3.854784e+06	3.757827e-01	
1794	3.872576e+06	3.757666e-01	
1795	3.890451e+06	3.757503e-01	
1796	3.908409e+06	3.757338e-01	
1797	3.926449e+06	3.757172e-01	
1798	3.944573e+06	3.757005e-01	
1799	3.962780e+06	3.756836e-01	
1800	3.981072e+06	3.756665e-01	
1801	3.999447e+06	3.756493e-01	
1802	4.017908e+06	3.756319e-01	
1803	4.036454e+06	3.756143e-01	
1804	4.055085e+06	3.755966e-01	
1805	4.073803e+06	3.755788e-01	
1806	4.092607e+06	3.755607e-01	
1807	4.111497e+06	3.755425e-01	
1808	4.130475e+06	3.755242e-01	
1809	4.149540e+06	3.755056e-01	
1810	4.168694e+06	3.754869e-01	
1811	4.187936e+06	3.754681e-01	
1812	4.207266e+06	3.754490e-01	
1813	4.226686e+06	3.754298e-01	
1814	4.246196e+06	3.754104e-01	
1815	4.265795e+06	3.753908e-01	
1816	4.285485e+06	3.753711e-01	
1817	4.305266e+06	3.753511e-01	
1818	4.325138e+06	3.753310e-01	
1819	4.345102e+06	3.753107e-01	
1820	4.365158e+06	3.752902e-01	
1821	4.385307e+06	3.752695e-01	
1822	4.405549e+06	3.752487e-01	
1823	4.425884e+06	3.752276e-01	
1824	4.446313e+06	3.752063e-01	
1825	4.466836e+06	3.751849e-01	
1826	4.487454e+06	3.751632e-01	
1827	4.508167e+06	3.751414e-01	
1828	4.528976e+06	3.751193e-01	
1829	4.549881e+06	3.750971e-01	
1830	4.570882e+06	3.750746e-01	
1831	4.591980e+06	3.750520e-01	
1832	4.613176e+06	3.750291e-01	
1833	4.634469e+06	3.750060e-01	
1834	4.655861e+06	3.749828e-01	
1835	4.677351e+06	3.749593e-01	
1836	4.698941e+06	3.749355e-01	
1837	4.720630e+06	3.749116e-01	
1838	4.742420e+06	3.748874e-01	
1839	4.764310e+06	3.748631e-01	
1840	4.786301e+06	3.748385e-01	
1841	4.808393e+06	3.748136e-01	
1842	4.830588e+06	3.747886e-01	
1843	4.852885e+06	3.747633e-01	
1844	4.875285e+06	3.747378e-01	
1845	4.897788e+06	3.747121e-01	
1846	4.920395e+06	3.746861e-01	
1847	4.943107e+06	3.746599e-01	
1848	4.965923e+06	3.746334e-01	
1849	4.988845e+06	3.746067e-01	
1850	5.011872e+06	3.745797e-01	
1851	5.035006e+06	3.745526e-01	
1852	5.058247e+06	3.745251e-01	
1853	5.081594e+06	3.744974e-01	
1854	5.105050e+06	3.744695e-01	
1855	5.128614e+06	3.744413e-01	
1856	5.152286e+06	3.744128e-01	
1857	5.176068e+06	3.743841e-01	
1858	5.199960e+06	3.743551e-01	
1859	5.223962e+06	3.743258e-01	
1860	5.248075e+06	3.742963e-01	
1861	5.272299e+06	3.742665e-01	
1862	5.296634e+06	3.742365e-01	
1863	5.321083e+06	3.742061e-01	
1864	5.345644e+06	3.741755e-01	
1865	5.370318e+06	3.741446e-01	
1866	5.395106e+06	3.741135e-01	
1867	5.420009e+06	3.740820e-01	
1868	5.445027e+06	3.740503e-01	
1869	5.470160e+06	3.740182e-01	
1870	5.495409e+06	3.739859e-01	
1871	5.520774e+06	3.739533e-01	
1872	5.546257e+06	3.739203e-01	
1873	5.571857e+06	3.738871e-01	
1874	5.597576e+06	3.738536e-01	
1875	5.623413e+06	3.738198e-01	
1876	5.649370e+06	3.737856e-01	
1877	5.675446e+06	3.737512e-01	
1878	5.701643e+06	3.737164e-01	
1879	5.727960e+06	3.736813e-01	
1880	5.754399e+06	3.736459e-01	
1881	5.780960e+06	3.736102e-01	
1882	5.807644e+06	3.735741e-01	
1883	5.834451e+06	3.735377e-01	
1884	5.861382e+06	3.735010e-01	
1885	5.888437e+06	3.734640e-01	
1886	5.915616e+06	3.734266e-01	
1887	5.942922e+06	3.733888e-01	
1888	5.970353e+06	3.733508e-01	
1889	5.997911e+06	3.733123e-01	
1890	6.025596e+06	3.732736e-01	
1891	6.053409e+06	3.732344e-01	
1892	6.081350e+06	3.731950e-01	
1893	6.109420e+06	3.731551e-01	
1894	6.137620e+06	3.731149e-01	
1895	6.165950e+06	3.730743e-01	
1896	6.194411e+06	3.730334e-01	
1897	6.223003e+06	3.729921e-01	
1898	6.251727e+06	3.729504e-01	
1899	6.280584e+06	3.729083e-01	
1900	6.309573e+06	3.728659e-01	
1901	6.338697e+06	3.728230e-01	
1902	6.367955e+06	3.727798e-01	
1903	6.397348e+06	3.727362e-01	
1904	6.426877e+06	3.726922e-01	
1905	6.456542e+06	3.726478e-01	
1906	6.486344e+06	3.726029e-01	
1907	6.516284e+06	3.725577e-01	
1908	6.546362e+06	3.725121e-01	
1909	6.576578e+06	3.724660e-01	
1910	6.606934e+06	3.724195e-01	
1911	6.637431e+06	3.723726e-01	
1912	6.668068e+06	3.723253e-01	
1913	6.698846e+06	3.722776e-01	
1914	6.729767e+06	3.722294e-01	
1915	6.760830e+06	3.721807e-01	
1916	6.792036e+06	3.721317e-01	
1917	6.823387e+06	3.720822e-01	
1918	6.854882e+06	3.720322e-01	
1919	6.886523e+06	3.719818e-01	
1920	6.918310e+06	3.719309e-01	
1921	6.950243e+06	3.718796e-01	
1922	6.982324e+06	3.718278e-01	
1923	7.014553e+06	3.717755e-01	
1924	7.046931e+06	3.717228e-01	
1925	7.079458e+06	3.716696e-01	
1926	7.112135e+06	3.716159e-01	
1927	7.144963e+06	3.715617e-01	
1928	7.177943e+06	3.715070e-01	
1929	7.211075e+06	3.714518e-01	
1930	7.244360e+06	3.713962e-01	
1931	7.277798e+06	3.713400e-01	
1932	7.311391e+06	3.712833e-01	
1933	7.345139e+06	3.712261e-01	
1934	7.379042e+06	3.711684e-01	
1935	7.413102e+06	3.711101e-01	
1936	7.447320e+06	3.710514e-01	
1937	7.481695e+06	3.709921e-01	
1938	7.516229e+06	3.709323e-01	
1939	7.550922e+06	3.708719e-01	
1940	7.585776e+06	3.708110e-01	
1941	7.620790e+06	3.707495e-01	
1942	7.655966e+06	3.706875e-01	
1943	7.691304e+06	3.706249e-01	
1944	7.726806e+06	3.705617e-01	
1945	7.762471e+06	3.704980e-01	
1946	7.798301e+06	3.704337e-01	
1947	7.834296e+06	3.703689e-01	
1948	7.870458e+06	3.703034e-01	
1949	7.906786e+06	3.702373e-01	
1950	7.943282e+06	3.701707e-01	
1951	7.979947e+06	3.701035e-01	
1952	8.016781e+06	3.700356e-01	
1953	8.053784e+06	3.699671e-01	
1954	8.090959e+06	3.698981e-01	
1955	8.128305e+06	3.698284e-01	
1956	8.165824e+06	3.697580e-01	
1957	8.203515e+06	3.696871e-01	
1958	8.241381e+06	3.696155e-01	
1959	8.279422e+06	3.695432e-01	
1960	8.317638e+06	3.694703e-01	
1961	8.356030e+06	3.693968e-01	
1962	8.394600e+06	3.693226e-01	
1963	8.433348e+06	3.692477e-01	
1964	8.472274e+06	3.691722e-01	
1965	8.511380e+06	3.690959e-01	
1966	8.550667e+06	3.690190e-01	
1967	8.590135e+06	3.689414e-01	
1968	8.629785e+06	3.688631e-01	
1969	8.669619e+06	3.687841e-01	
1970	8.709636e+06	3.687044e-01	
1971	8.749838e+06	3.686240e-01	
1972	8.790225e+06	3.685428e-01	
1973	8.830799e+06	3.684610e-01	
1974	8.871560e+06	3.683784e-01	
1975	8.912509e+06	3.682950e-01	
1976	8.953648e+06	3.682109e-01	
1977	8.994976e+06	3.681261e-01	
1978	9.036495e+06	3.680405e-01	
1979	9.078205e+06	3.679541e-01	
1980	9.120108e+06	3.678670e-01	
1981	9.162205e+06	3.677791e-01	
1982	9.204496e+06	3.676903e-01	
1983	9.246982e+06	3.676009e-01	
1984	9.289664e+06	3.675106e-01	
1985	9.332543e+06	3.674195e-01	
1986	9.375620e+06	3.673275e-01	
1987	9.418896e+06	3.672348e-01	
1988	9.462372e+06	3.671412e-01	
1989	9.506048e+06	3.670468e-01	
1990	9.549926e+06	3.669516e-01	
1991	9.594006e+06	3.668555e-01	
1992	9.638290e+06	3.667586e-01	
1993	9.682779e+06	3.666608e-01	
1994	9.727472e+06	3.665621e-01	
1995	9.772372e+06	3.664626e-01	
1996	9.817479e+06	3.663621e-01	
1997	9.862795e+06	3.662608e-01	
1998	9.908319e+06	3.661586e-01	
1999	9.954054e+06	3.660554e-01	
2000	1.000000e+07	3.659514e-01	
2001	1.004616e+07	3.658464e-01	
2002	1.009253e+07	3.657405e-01	
2003	1.013911e+07	3.656336e-01	
2004	1.018591e+07	3.655258e-01	
2005	1.023293e+07	3.654171e-01	
2006	1.028016e+07	3.653074e-01	
2007	1.032761e+07	3.651967e-01	
2008	1.037528e+07	3.650850e-01	
2009	1.042317e+07	3.649724e-01	
2010	1.047129e+07	3.648587e-01	
2011	1.051962e+07	3.647441e-01	
2012	1.056818e+07	3.646284e-01	
2013	1.061696e+07	3.645117e-01	
2014	1.066596e+07	3.643940e-01	
2015	1.071519e+07	3.642752e-01	
2016	1.076465e+07	3.641554e-01	
2017	1.081434e+07	3.640346e-01	
2018	1.086426e+07	3.639126e-01	
2019	1.091440e+07	3.637896e-01	
2020	1.096478e+07	3.636655e-01	
2021	1.101539e+07	3.635404e-01	
2022	1.106624e+07	3.634141e-01	
2023	1.111732e+07	3.632867e-01	
2024	1.116863e+07	3.631582e-01	
2025	1.122018e+07	3.630285e-01	
2026	1.127197e+07	3.628978e-01	
2027	1.132400e+07	3.627658e-01	
2028	1.137627e+07	3.626328e-01	
2029	1.142878e+07	3.624985e-01	
2030	1.148154e+07	3.623631e-01	
2031	1.153453e+07	3.622265e-01	
2032	1.158777e+07	3.620887e-01	
2033	1.164126e+07	3.619497e-01	
2034	1.169499e+07	3.618094e-01	
2035	1.174898e+07	3.616680e-01	
2036	1.180321e+07	3.615253e-01	
2037	1.185769e+07	3.613814e-01	
2038	1.191242e+07	3.612362e-01	
2039	1.196741e+07	3.610897e-01	
2040	1.202264e+07	3.609420e-01	
2041	1.207814e+07	3.607930e-01	
2042	1.213389e+07	3.606426e-01	
2043	1.218990e+07	3.604910e-01	
2044	1.224616e+07	3.603381e-01	
2045	1.230269e+07	3.601838e-01	
2046	1.235947e+07	3.600282e-01	
2047	1.241652e+07	3.598712e-01	
2048	1.247384e+07	3.597129e-01	
2049	1.253141e+07	3.595532e-01	
2050	1.258925e+07	3.593921e-01	
2051	1.264736e+07	3.592296e-01	
2052	1.270574e+07	3.590657e-01	
2053	1.276439e+07	3.589004e-01	
2054	1.282331e+07	3.587337e-01	
2055	1.288250e+07	3.585655e-01	
2056	1.294196e+07	3.583959e-01	
2057	1.300170e+07	3.582248e-01	
2058	1.306171e+07	3.580522e-01	
2059	1.312200e+07	3.578781e-01	
2060	1.318257e+07	3.577026e-01	
2061	1.324342e+07	3.575255e-01	
2062	1.330454e+07	3.573469e-01	
2063	1.336596e+07	3.571668e-01	
2064	1.342765e+07	3.569851e-01	
2065	1.348963e+07	3.568019e-01	
2066	1.355189e+07	3.566171e-01	
2067	1.361445e+07	3.564307e-01	
2068	1.367729e+07	3.562427e-01	
2069	1.374042e+07	3.560531e-01	
2070	1.380384e+07	3.558619e-01	
2071	1.386756e+07	3.556691e-01	
2072	1.393157e+07	3.554746e-01	
2073	1.399587e+07	3.552784e-01	
2074	1.406048e+07	3.550806e-01	
2075	1.412538e+07	3.548811e-01	
2076	1.419058e+07	3.546798e-01	
2077	1.425608e+07	3.544769e-01	
2078	1.432188e+07	3.542723e-01	
2079	1.438799e+07	3.540659e-01	
2080	1.445440e+07	3.538577e-01	
2081	1.452112e+07	3.536478e-01	
2082	1.458814e+07	3.534361e-01	
2083	1.465548e+07	3.532227e-01	
2084	1.472313e+07	3.530074e-01	
2085	1.479108e+07	3.527903e-01	
2086	1.485936e+07	3.525713e-01	
2087	1.492794e+07	3.523505e-01	
2088	1.499685e+07	3.521279e-01	
2089	1.506607e+07	3.519034e-01	
2090	1.513561e+07	3.516769e-01	
2091	1.520548e+07	3.514486e-01	
2092	1.527566e+07	3.512184e-01	
2093	1.534617e+07	3.509862e-01	
2094	1.541700e+07	3.507521e-01	
2095	1.548817e+07	3.505160e-01	
2096	1.555966e+07	3.502779e-01	
2097	1.563148e+07	3.500379e-01	
2098	1.570363e+07	3.497958e-01	
2099	1.577611e+07	3.495518e-01	
2100	1.584893e+07	3.493057e-01	
2101	1.592209e+07	3.490575e-01	
2102	1.599558e+07	3.488073e-01	
2103	1.606941e+07	3.485549e-01	
2104	1.614359e+07	3.483005e-01	
2105	1.621810e+07	3.480440e-01	
2106	1.629296e+07	3.477854e-01	
2107	1.636817e+07	3.475246e-01	
2108	1.644372e+07	3.472616e-01	
2109	1.651962e+07	3.469965e-01	
2110	1.659587e+07	3.467292e-01	
2111	1.667247e+07	3.464597e-01	
2112	1.674943e+07	3.461880e-01	
2113	1.682674e+07	3.459140e-01	
2114	1.690441e+07	3.456378e-01	
2115	1.698244e+07	3.453593e-01	
2116	1.706082e+07	3.450785e-01	
2117	1.713957e+07	3.447954e-01	
2118	1.721869e+07	3.445100e-01	
2119	1.729816e+07	3.442223e-01	
2120	1.737801e+07	3.439322e-01	
2121	1.745822e+07	3.436398e-01	
2122	1.753881e+07	3.433450e-01	
2123	1.761976e+07	3.430477e-01	
2124	1.770109e+07	3.427481e-01	
2125	1.778279e+07	3.424460e-01	
2126	1.786488e+07	3.421415e-01	
2127	1.794734e+07	3.418345e-01	
2128	1.803018e+07	3.415251e-01	
2129	1.811340e+07	3.412131e-01	
2130	1.819701e+07	3.408986e-01	
2131	1.828100e+07	3.405816e-01	
2132	1.836538e+07	3.402620e-01	
2133	1.845015e+07	3.399399e-01	
2134	1.853532e+07	3.396152e-01	
2135	1.862087e+07	3.392879e-01	
2136	1.870682e+07	3.389579e-01	
2137	1.879317e+07	3.386253e-01	
2138	1.887991e+07	3.382901e-01	
2139	1.896706e+07	3.379522e-01	
2140	1.905461e+07	3.376116e-01	
2141	1.914256e+07	3.372683e-01	
2142	1.923092e+07	3.369223e-01	
2143	1.931968e+07	3.365736e-01	
2144	1.940886e+07	3.362220e-01	
2145	1.949845e+07	3.358677e-01	
2146	1.958845e+07	3.355107e-01	
2147	1.967886e+07	3.351507e-01	
2148	1.976970e+07	3.347880e-01	
2149	1.986095e+07	3.344224e-01	
2150	1.995262e+07	3.340540e-01	
2151	2.004472e+07	3.336827e-01	
2152	2.013724e+07	3.333084e-01	
2153	2.023019e+07	3.329313e-01	
2154	2.032357e+07	3.325512e-01	
2155	2.041738e+07	3.321682e-01	
2156	2.051162e+07	3.317821e-01	
2157	2.060630e+07	3.313931e-01	
2158	2.070141e+07	3.310011e-01	
2159	2.079697e+07	3.306061e-01	
2160	2.089296e+07	3.302080e-01	
2161	2.098940e+07	3.298068e-01	
2162	2.108628e+07	3.294026e-01	
2163	2.118361e+07	3.289953e-01	
2164	2.128139e+07	3.285848e-01	
2165	2.137962e+07	3.281712e-01	
2166	2.147830e+07	3.277545e-01	
2167	2.157744e+07	3.273346e-01	
2168	2.167704e+07	3.269115e-01	
2169	2.177710e+07	3.264852e-01	
2170	2.187762e+07	3.260556e-01	
2171	2.197860e+07	3.256228e-01	
2172	2.208005e+07	3.251868e-01	
2173	2.218196e+07	3.247475e-01	
2174	2.228435e+07	3.243049e-01	
2175	2.238721e+07	3.238589e-01	
2176	2.249055e+07	3.234096e-01	
2177	2.259436e+07	3.229570e-01	
2178	2.269865e+07	3.225010e-01	
2179	2.280342e+07	3.220416e-01	
2180	2.290868e+07	3.215789e-01	
2181	2.301442e+07	3.211126e-01	
2182	2.312065e+07	3.206430e-01	
2183	2.322737e+07	3.201699e-01	
2184	2.333458e+07	3.196933e-01	
2185	2.344229e+07	3.192132e-01	
2186	2.355049e+07	3.187296e-01	
2187	2.365920e+07	3.182425e-01	
2188	2.376840e+07	3.177518e-01	
2189	2.387811e+07	3.172576e-01	
2190	2.398833e+07	3.167598e-01	
2191	2.409905e+07	3.162583e-01	
2192	2.421029e+07	3.157533e-01	
2193	2.432204e+07	3.152446e-01	
2194	2.443431e+07	3.147323e-01	
2195	2.454709e+07	3.142164e-01	
2196	2.466039e+07	3.136967e-01	
2197	2.477422e+07	3.131733e-01	
2198	2.488857e+07	3.126463e-01	
2199	2.500345e+07	3.121154e-01	
2200	2.511886e+07	3.115809e-01	
2201	2.523481e+07	3.110426e-01	
2202	2.535129e+07	3.105005e-01	
2203	2.546830e+07	3.099546e-01	
2204	2.558586e+07	3.094049e-01	
2205	2.570396e+07	3.088513e-01	
2206	2.582260e+07	3.082939e-01	
2207	2.594179e+07	3.077327e-01	
2208	2.606154e+07	3.071676e-01	
2209	2.618183e+07	3.065986e-01	
2210	2.630268e+07	3.060256e-01	
2211	2.642409e+07	3.054488e-01	
2212	2.654606e+07	3.048680e-01	
2213	2.666859e+07	3.042833e-01	
2214	2.679168e+07	3.036947e-01	
2215	2.691535e+07	3.031020e-01	
2216	2.703958e+07	3.025054e-01	
2217	2.716439e+07	3.019047e-01	
2218	2.728978e+07	3.013001e-01	
2219	2.741574e+07	3.006914e-01	
2220	2.754229e+07	3.000786e-01	
2221	2.766942e+07	2.994618e-01	
2222	2.779713e+07	2.988410e-01	
2223	2.792544e+07	2.982161e-01	
2224	2.805434e+07	2.975870e-01	
2225	2.818383e+07	2.969539e-01	
2226	2.831392e+07	2.963166e-01	
2227	2.844461e+07	2.956753e-01	
2228	2.857591e+07	2.950297e-01	
2229	2.870781e+07	2.943801e-01	
2230	2.884032e+07	2.937263e-01	
2231	2.897344e+07	2.930683e-01	
2232	2.910717e+07	2.924061e-01	
2233	2.924152e+07	2.917397e-01	
2234	2.937650e+07	2.910692e-01	
2235	2.951209e+07	2.903944e-01	
2236	2.964831e+07	2.897154e-01	
2237	2.978516e+07	2.890322e-01	
2238	2.992265e+07	2.883448e-01	
2239	3.006076e+07	2.876531e-01	
2240	3.019952e+07	2.869572e-01	
2241	3.033891e+07	2.862570e-01	
2242	3.047895e+07	2.855525e-01	
2243	3.061963e+07	2.848438e-01	
2244	3.076097e+07	2.841309e-01	
2245	3.090295e+07	2.834136e-01	
2246	3.104560e+07	2.826921e-01	
2247	3.118890e+07	2.819663e-01	
2248	3.133286e+07	2.812361e-01	
2249	3.147748e+07	2.805017e-01	
2250	3.162278e+07	2.797630e-01	
2251	3.176874e+07	2.790200e-01	
2252	3.191538e+07	2.782727e-01	
2253	3.206269e+07	2.775211e-01	
2254	3.221069e+07	2.767652e-01	
2255	3.235937e+07	2.760049e-01	
2256	3.250873e+07	2.752404e-01	
2257	3.265878e+07	2.744715e-01	
2258	3.280953e+07	2.736984e-01	
2259	3.296097e+07	2.729209e-01	
2260	3.311311e+07	2.721392e-01	
2261	3.326596e+07	2.713531e-01	
2262	3.341950e+07	2.705627e-01	
2263	3.357376e+07	2.697680e-01	
2264	3.372873e+07	2.689691e-01	
2265	3.388442e+07	2.681658e-01	
2266	3.404082e+07	2.673583e-01	
2267	3.419794e+07	2.665464e-01	
2268	3.435579e+07	2.657303e-01	
2269	3.451437e+07	2.649099e-01	
2270	3.467369e+07	2.640853e-01	
2271	3.483373e+07	2.632564e-01	
2272	3.499452e+07	2.624233e-01	
2273	3.515604e+07	2.615859e-01	
2274	3.531832e+07	2.607443e-01	
2275	3.548134e+07	2.598985e-01	
2276	3.564511e+07	2.590485e-01	
2277	3.580964e+07	2.581942e-01	
2278	3.597493e+07	2.573358e-01	
2279	3.614099e+07	2.564733e-01	
2280	3.630781e+07	2.556065e-01	
2281	3.647539e+07	2.547356e-01	
2282	3.664376e+07	2.538606e-01	
2283	3.681290e+07	2.529815e-01	
2284	3.698282e+07	2.520983e-01	
2285	3.715352e+07	2.512110e-01	
2286	3.732502e+07	2.503196e-01	
2287	3.749730e+07	2.494242e-01	
2288	3.767038e+07	2.485247e-01	
2289	3.784426e+07	2.476213e-01	
2290	3.801894e+07	2.467138e-01	
2291	3.819443e+07	2.458024e-01	
2292	3.837072e+07	2.448871e-01	
2293	3.854784e+07	2.439678e-01	
2294	3.872576e+07	2.430446e-01	
2295	3.890451e+07	2.421176e-01	
2296	3.908409e+07	2.411867e-01	
2297	3.926449e+07	2.402520e-01	
2298	3.944573e+07	2.393135e-01	
2299	3.962780e+07	2.383712e-01	
2300	3.981072e+07	2.374251e-01	
2301	3.999447e+07	2.364754e-01	
2302	4.017908e+07	2.355220e-01	
2303	4.036454e+07	2.345649e-01	
2304	4.055085e+07	2.336042e-01	
2305	4.073803e+07	2.326399e-01	
2306	4.092607e+07	2.316721e-01	
2307	4.111497e+07	2.307007e-01	
2308	4.130475e+07	2.297259e-01	
2309	4.149540e+07	2.287476e-01	
2310	4.168694e+07	2.277659e-01	
2311	4.187936e+07	2.267808e-01	
2312	4.207266e+07	2.257923e-01	
2313	4.226686e+07	2.248006e-01	
2314	4.246196e+07	2.238056e-01	
2315	4.265795e+07	2.228074e-01	
2316	4.285485e+07	2.218060e-01	
2317	4.305266e+07	2.208014e-01	
2318	4.325138e+07	2.197938e-01	
2319	4.345102e+07	2.187831e-01	
2320	4.365158e+07	2.177694e-01	
2321	4.385307e+07	2.167528e-01	
2322	4.405549e+07	2.157332e-01	
2323	4.425884e+07	2.147108e-01	
2324	4.446313e+07	2.136855e-01	
2325	4.466836e+07	2.126575e-01	
2326	4.487454e+07	2.116267e-01	
2327	4.508167e+07	2.105933e-01	
2328	4.528976e+07	2.095573e-01	
2329	4.549881e+07	2.085186e-01	
2330	4.570882e+07	2.074775e-01	
2331	4.591980e+07	2.064339e-01	
2332	4.613176e+07	2.053879e-01	
2333	4.634469e+07	2.043396e-01	
2334	4.655861e+07	2.032889e-01	
2335	4.677351e+07	2.022361e-01	
2336	4.698941e+07	2.011810e-01	
2337	4.720630e+07	2.001238e-01	
2338	4.742420e+07	1.990646e-01	
2339	4.764310e+07	1.980033e-01	
2340	4.786301e+07	1.969401e-01	
2341	4.808393e+07	1.958750e-01	
2342	4.830588e+07	1.948081e-01	
2343	4.852885e+07	1.937395e-01	
2344	4.875285e+07	1.926691e-01	
2345	4.897788e+07	1.915971e-01	
2346	4.920395e+07	1.905235e-01	
2347	4.943107e+07	1.894485e-01	
2348	4.965923e+07	1.883720e-01	
2349	4.988845e+07	1.872941e-01	
2350	5.011872e+07	1.862150e-01	
2351	5.035006e+07	1.851346e-01	
2352	5.058247e+07	1.840530e-01	
2353	5.081594e+07	1.829704e-01	
2354	5.105050e+07	1.818867e-01	
2355	5.128614e+07	1.808020e-01	
2356	5.152286e+07	1.797165e-01	
2357	5.176068e+07	1.786302e-01	
2358	5.199960e+07	1.775431e-01	
2359	5.223962e+07	1.764553e-01	
2360	5.248075e+07	1.753669e-01	
2361	5.272299e+07	1.742781e-01	
2362	5.296634e+07	1.731887e-01	
2363	5.321083e+07	1.720990e-01	
2364	5.345644e+07	1.710090e-01	
2365	5.370318e+07	1.699187e-01	
2366	5.395106e+07	1.688283e-01	
2367	5.420009e+07	1.677378e-01	
2368	5.445027e+07	1.666473e-01	
2369	5.470160e+07	1.655568e-01	
2370	5.495409e+07	1.644665e-01	
2371	5.520774e+07	1.633765e-01	
2372	5.546257e+07	1.622867e-01	
2373	5.571857e+07	1.611973e-01	
2374	5.597576e+07	1.601083e-01	
2375	5.623413e+07	1.590199e-01	
2376	5.649370e+07	1.579320e-01	
2377	5.675446e+07	1.568449e-01	
2378	5.701643e+07	1.557585e-01	
2379	5.727960e+07	1.546729e-01	
2380	5.754399e+07	1.535883e-01	
2381	5.780960e+07	1.525046e-01	
2382	5.807644e+07	1.514220e-01	
2383	5.834451e+07	1.503405e-01	
2384	5.861382e+07	1.492603e-01	
2385	5.888437e+07	1.481813e-01	
2386	5.915616e+07	1.471038e-01	
2387	5.942922e+07	1.460276e-01	
2388	5.970353e+07	1.449530e-01	
2389	5.997911e+07	1.438800e-01	
2390	6.025596e+07	1.428087e-01	
2391	6.053409e+07	1.417391e-01	
2392	6.081350e+07	1.406713e-01	
2393	6.109420e+07	1.396055e-01	
2394	6.137620e+07	1.385416e-01	
2395	6.165950e+07	1.374797e-01	
2396	6.194411e+07	1.364200e-01	
2397	6.223003e+07	1.353625e-01	
2398	6.251727e+07	1.343073e-01	
2399	6.280584e+07	1.332544e-01	
2400	6.309573e+07	1.322039e-01	
2401	6.338697e+07	1.311559e-01	
2402	6.367955e+07	1.301105e-01	
2403	6.397348e+07	1.290677e-01	
2404	6.426877e+07	1.280276e-01	
2405	6.456542e+07	1.269902e-01	
2406	6.486344e+07	1.259557e-01	
2407	6.516284e+07	1.249242e-01	
2408	6.546362e+07	1.238955e-01	
2409	6.576578e+07	1.228700e-01	
2410	6.606934e+07	1.218475e-01	
2411	6.637431e+07	1.208282e-01	
2412	6.668068e+07	1.198122e-01	
2413	6.698846e+07	1.187994e-01	
2414	6.729767e+07	1.177901e-01	
2415	6.760830e+07	1.167841e-01	
2416	6.792036e+07	1.157817e-01	
2417	6.823387e+07	1.147828e-01	
2418	6.854882e+07	1.137875e-01	
2419	6.886523e+07	1.127959e-01	
2420	6.918310e+07	1.118080e-01	
2421	6.950243e+07	1.108240e-01	
2422	6.982324e+07	1.098437e-01	
2423	7.014553e+07	1.088674e-01	
2424	7.046931e+07	1.078951e-01	
2425	7.079458e+07	1.069267e-01	
2426	7.112135e+07	1.059624e-01	
2427	7.144963e+07	1.050023e-01	
2428	7.177943e+07	1.040463e-01	
2429	7.211075e+07	1.030946e-01	
2430	7.244360e+07	1.021471e-01	
2431	7.277798e+07	1.012039e-01	
2432	7.311391e+07	1.002651e-01	
2433	7.345139e+07	9.933074e-02	
2434	7.379042e+07	9.840083e-02	
2435	7.413102e+07	9.747542e-02	
2436	7.447320e+07	9.655456e-02	
2437	7.481695e+07	9.563830e-02	
2438	7.516229e+07	9.472668e-02	
2439	7.550922e+07	9.381972e-02	
2440	7.585776e+07	9.291749e-02	
2441	7.620790e+07	9.202000e-02	
2442	7.655966e+07	9.112731e-02	
2443	7.691304e+07	9.023945e-02	
2444	7.726806e+07	8.935645e-02	
2445	7.762471e+07	8.847834e-02	
2446	7.798301e+07	8.760516e-02	
2447	7.834296e+07	8.673695e-02	
2448	7.870458e+07	8.587373e-02	
2449	7.906786e+07	8.501554e-02	
2450	7.943282e+07	8.416239e-02	
2451	7.979947e+07	8.331433e-02	
2452	8.016781e+07	8.247137e-02	
2453	8.053784e+07	8.163354e-02	
2454	8.090959e+07	8.080087e-02	
2455	8.128305e+07	7.997339e-02	
2456	8.165824e+07	7.915110e-02	
2457	8.203515e+07	7.833404e-02	
2458	8.241381e+07	7.752223e-02	
2459	8.279422e+07	7.671568e-02	
2460	8.317638e+07	7.591441e-02	
2461	8.356030e+07	7.511844e-02	
2462	8.394600e+07	7.432779e-02	
2463	8.433348e+07	7.354247e-02	
2464	8.472274e+07	7.276250e-02	
2465	8.511380e+07	7.198789e-02	
2466	8.550667e+07	7.121865e-02	
2467	8.590135e+07	7.045479e-02	
2468	8.629785e+07	6.969632e-02	
2469	8.669619e+07	6.894326e-02	
2470	8.709636e+07	6.819561e-02	
2471	8.749838e+07	6.745338e-02	
2472	8.790225e+07	6.671657e-02	
2473	8.830799e+07	6.598519e-02	
2474	8.871560e+07	6.525924e-02	
2475	8.912509e+07	6.453874e-02	
2476	8.953648e+07	6.382367e-02	
2477	8.994976e+07	6.311405e-02	
2478	9.036495e+07	6.240987e-02	
2479	9.078205e+07	6.171114e-02	
2480	9.120108e+07	6.101785e-02	
2481	9.162205e+07	6.033000e-02	
2482	9.204496e+07	5.964759e-02	
2483	9.246982e+07	5.897062e-02	
2484	9.289664e+07	5.829908e-02	
2485	9.332543e+07	5.763296e-02	
2486	9.375620e+07	5.697227e-02	
2487	9.418896e+07	5.631698e-02	
2488	9.462372e+07	5.566711e-02	
2489	9.506048e+07	5.502264e-02	
2490	9.549926e+07	5.438355e-02	
2491	9.594006e+07	5.374985e-02	
2492	9.638290e+07	5.312152e-02	
2493	9.682779e+07	5.249855e-02	
2494	9.727472e+07	5.188092e-02	
2495	9.772372e+07	5.126864e-02	
2496	9.817479e+07	5.066167e-02	
2497	9.862795e+07	5.006001e-02	
2498	9.908319e+07	4.946365e-02	
2499	9.954054e+07	4.887257e-02	
2500	1.000000e+08	4.828676e-02	
2501	1.004616e+08	4.770619e-02	
2502	1.009253e+08	4.713085e-02	
2503	1.013911e+08	4.656073e-02	
2504	1.018591e+08	4.599581e-02	
2505	1.023293e+08	4.543606e-02	
2506	1.028016e+08	4.488147e-02	
2507	1.032761e+08	4.433203e-02	
2508	1.037528e+08	4.378770e-02	
2509	1.042317e+08	4.324847e-02	
2510	1.047129e+08	4.271433e-02	
2511	1.051962e+08	4.218524e-02	
2512	1.056818e+08	4.166118e-02	
2513	1.061696e+08	4.114214e-02	
2514	1.066596e+08	4.062809e-02	
2515	1.071519e+08	4.011901e-02	
2516	1.076465e+08	3.961488e-02	
2517	1.081434e+08	3.911566e-02	
2518	1.086426e+08	3.862134e-02	
2519	1.091440e+08	3.813190e-02	
2520	1.096478e+08	3.764729e-02	
2521	1.101539e+08	3.716752e-02	
2522	1.106624e+08	3.669253e-02	
2523	1.111732e+08	3.622232e-02	
2524	1.116863e+08	3.575685e-02	
2525	1.122018e+08	3.529610e-02	
2526	1.127197e+08	3.484004e-02	
2527	1.132400e+08	3.438864e-02	
2528	1.137627e+08	3.394188e-02	
2529	1.142878e+08	3.349972e-02	
2530	1.148154e+08	3.306215e-02	
2531	1.153453e+08	3.262913e-02	
2532	1.158777e+08	3.220063e-02	
2533	1.164126e+08	3.177663e-02	
2534	1.169499e+08	3.135710e-02	
2535	1.174898e+08	3.094200e-02	
2536	1.180321e+08	3.053132e-02	
2537	1.185769e+08	3.012501e-02	
2538	1.191242e+08	2.972306e-02	
2539	1.196741e+08	2.932542e-02	
2540	1.202264e+08	2.893208e-02	
2541	1.207814e+08	2.854300e-02	
2542	1.213389e+08	2.815815e-02	
2543	1.218990e+08	2.777750e-02	
2544	1.224616e+08	2.740103e-02	
2545	1.230269e+08	2.702870e-02	
2546	1.235947e+08	2.666047e-02	
2547	1.241652e+08	2.629633e-02	
2548	1.247384e+08	2.593624e-02	
2549	1.253141e+08	2.558017e-02	
2550	1.258925e+08	2.522809e-02	
2551	1.264736e+08	2.487997e-02	
2552	1.270574e+08	2.453578e-02	
2553	1.276439e+08	2.419549e-02	
2554	1.282331e+08	2.385906e-02	
2555	1.288250e+08	2.352647e-02	
2556	1.294196e+08	2.319769e-02	
2557	1.300170e+08	2.287268e-02	
2558	1.306171e+08	2.255141e-02	
2559	1.312200e+08	2.223386e-02	
2560	1.318257e+08	2.192000e-02	
2561	1.324342e+08	2.160978e-02	
2562	1.330454e+08	2.130319e-02	
2563	1.336596e+08	2.100019e-02	
2564	1.342765e+08	2.070075e-02	
2565	1.348963e+08	2.040485e-02	
2566	1.355189e+08	2.011244e-02	
2567	1.361445e+08	1.982350e-02	
2568	1.367729e+08	1.953801e-02	
2569	1.374042e+08	1.925592e-02	
2570	1.380384e+08	1.897721e-02	
2571	1.386756e+08	1.870185e-02	
2572	1.393157e+08	1.842981e-02	
2573	1.399587e+08	1.816106e-02	
2574	1.406048e+08	1.789557e-02	
2575	1.412538e+08	1.763331e-02	
2576	1.419058e+08	1.737425e-02	
2577	1.425608e+08	1.711837e-02	
2578	1.432188e+08	1.686562e-02	
2579	1.438799e+08	1.661599e-02	
2580	1.445440e+08	1.636943e-02	
2581	1.452112e+08	1.612594e-02	
2582	1.458814e+08	1.588547e-02	
2583	1.465548e+08	1.564799e-02	
2584	1.472313e+08	1.541349e-02	
2585	1.479108e+08	1.518192e-02	
2586	1.485936e+08	1.495326e-02	
2587	1.492794e+08	1.472749e-02	
2588	1.499685e+08	1.450457e-02	
2589	1.506607e+08	1.428448e-02	
2590	1.513561e+08	1.406718e-02	
2591	1.520548e+08	1.385266e-02	
2592	1.527566e+08	1.364088e-02	
2593	1.534617e+08	1.343181e-02	
2594	1.541700e+08	1.322544e-02	
2595	1.548817e+08	1.302173e-02	
2596	1.555966e+08	1.282065e-02	
2597	1.563148e+08	1.262218e-02	
2598	1.570363e+08	1.242629e-02	
2599	1.577611e+08	1.223296e-02	
2600	1.584893e+08	1.204215e-02	
2601	1.592209e+08	1.185385e-02	
2602	1.599558e+08	1.166802e-02	
2603	1.606941e+08	1.148465e-02	
2604	1.614359e+08	1.130370e-02	
2605	1.621810e+08	1.112515e-02	
2606	1.629296e+08	1.094897e-02	
2607	1.636817e+08	1.077515e-02	
2608	1.644372e+08	1.060364e-02	
2609	1.651962e+08	1.043444e-02	
2610	1.659587e+08	1.026752e-02	
2611	1.667247e+08	1.010284e-02	
2612	1.674943e+08	9.940390e-03	
2613	1.682674e+08	9.780143e-03	
2614	1.690441e+08	9.622074e-03	
2615	1.698244e+08	9.466160e-03	
2616	1.706082e+08	9.312377e-03	
2617	1.713957e+08	9.160702e-03	
2618	1.721869e+08	9.011112e-03	
2619	1.729816e+08	8.863584e-03	
2620	1.737801e+08	8.718095e-03	
2621	1.745822e+08	8.574622e-03	
2622	1.753881e+08	8.433143e-03	
2623	1.761976e+08	8.293636e-03	
2624	1.770109e+08	8.156078e-03	
2625	1.778279e+08	8.020448e-03	
2626	1.786488e+08	7.886723e-03	
2627	1.794734e+08	7.754883e-03	
2628	1.803018e+08	7.624906e-03	
2629	1.811340e+08	7.496771e-03	
2630	1.819701e+08	7.370456e-03	
2631	1.828100e+08	7.245941e-03	
2632	1.836538e+08	7.123205e-03	
2633	1.845015e+08	7.002228e-03	
2634	1.853532e+08	6.882990e-03	
2635	1.862087e+08	6.765469e-03	
2636	1.870682e+08	6.649647e-03	
2637	1.879317e+08	6.535504e-03	
2638	1.887991e+08	6.423019e-03	
2639	1.896706e+08	6.312174e-03	
2640	1.905461e+08	6.202949e-03	
2641	1.914256e+08	6.095324e-03	
2642	1.923092e+08	5.989282e-03	
2643	1.931968e+08	5.884804e-03	
2644	1.940886e+08	5.781870e-03	
2645	1.949845e+08	5.680463e-03	
2646	1.958845e+08	5.580564e-03	
2647	1.967886e+08	5.482154e-03	
2648	1.976970e+08	5.385217e-03	
2649	1.986095e+08	5.289735e-03	
2650	1.995262e+08	5.195689e-03	
2651	2.004472e+08	5.103063e-03	
2652	2.013724e+08	5.011839e-03	
2653	2.023019e+08	4.922000e-03	
2654	2.032357e+08	4.833529e-03	
2655	2.041738e+08	4.746409e-03	
2656	2.051162e+08	4.660624e-03	
2657	2.060630e+08	4.576158e-03	
2658	2.070141e+08	4.492993e-03	
2659	2.079697e+08	4.411115e-03	
2660	2.089296e+08	4.330506e-03	
2661	2.098940e+08	4.251151e-03	
2662	2.108628e+08	4.173035e-03	
2663	2.118361e+08	4.096141e-03	
2664	2.128139e+08	4.020455e-03	
2665	2.137962e+08	3.945961e-03	
2666	2.147830e+08	3.872645e-03	
2667	2.157744e+08	3.800490e-03	
2668	2.167704e+08	3.729483e-03	
2669	2.177710e+08	3.659609e-03	
2670	2.187762e+08	3.590853e-03	
2671	2.197860e+08	3.523201e-03	
2672	2.208005e+08	3.456638e-03	
2673	2.218196e+08	3.391151e-03	
2674	2.228435e+08	3.326726e-03	
2675	2.238721e+08	3.263348e-03	
2676	2.249055e+08	3.201005e-03	
2677	2.259436e+08	3.139682e-03	
2678	2.269865e+08	3.079367e-03	
2679	2.280342e+08	3.020045e-03	
2680	2.290868e+08	2.961704e-03	
2681	2.301442e+08	2.904331e-03	
2682	2.312065e+08	2.847913e-03	
2683	2.322737e+08	2.792436e-03	
2684	2.333458e+08	2.737890e-03	
2685	2.344229e+08	2.684260e-03	
2686	2.355049e+08	2.631534e-03	
2687	2.365920e+08	2.579701e-03	
2688	2.376840e+08	2.528748e-03	
2689	2.387811e+08	2.478663e-03	
2690	2.398833e+08	2.429434e-03	
2691	2.409905e+08	2.381049e-03	
2692	2.421029e+08	2.333497e-03	
2693	2.432204e+08	2.286766e-03	
2694	2.443431e+08	2.240844e-03	
2695	2.454709e+08	2.195721e-03	
2696	2.466039e+08	2.151385e-03	
2697	2.477422e+08	2.107824e-03	
2698	2.488857e+08	2.065028e-03	
2699	2.500345e+08	2.022986e-03	
2700	2.511886e+08	1.981687e-03	
2701	2.523481e+08	1.941120e-03	
2702	2.535129e+08	1.901275e-03	
2703	2.546830e+08	1.862141e-03	
2704	2.558586e+08	1.823708e-03	
2705	2.570396e+08	1.785965e-03	
2706	2.582260e+08	1.748903e-03	
2707	2.594179e+08	1.712510e-03	
2708	2.606154e+08	1.676778e-03	
2709	2.618183e+08	1.641695e-03	
2710	2.630268e+08	1.607253e-03	
2711	2.642409e+08	1.573442e-03	
2712	2.654606e+08	1.540251e-03	
2713	2.666859e+08	1.507672e-03	
2714	2.679168e+08	1.475695e-03	
2715	2.691535e+08	1.444310e-03	
2716	2.703958e+08	1.413509e-03	
2717	2.716439e+08	1.383282e-03	
2718	2.728978e+08	1.353619e-03	
2719	2.741574e+08	1.324513e-03	
2720	2.754229e+08	1.295953e-03	
2721	2.766942e+08	1.267932e-03	
2722	2.779713e+08	1.240440e-03	
2723	2.792544e+08	1.213469e-03	
2724	2.805434e+08	1.187010e-03	
2725	2.818383e+08	1.161054e-03	
2726	2.831392e+08	1.135594e-03	
2727	2.844461e+08	1.110621e-03	
2728	2.857591e+08	1.086127e-03	
2729	2.870781e+08	1.062103e-03	
2730	2.884032e+08	1.038541e-03	
2731	2.897344e+08	1.015434e-03	
2732	2.910717e+08	9.927737e-04	
2733	2.924152e+08	9.705520e-04	
2734	2.937650e+08	9.487614e-04	
2735	2.951209e+08	9.273941e-04	
2736	2.964831e+08	9.064427e-04	
2737	2.978516e+08	8.858997e-04	
2738	2.992265e+08	8.657576e-04	
2739	3.006076e+08	8.460091e-04	
2740	3.019952e+08	8.266472e-04	
2741	3.033891e+08	8.076645e-04	
2742	3.047895e+08	7.890542e-04	
2743	3.061963e+08	7.708092e-04	
2744	3.076097e+08	7.529227e-04	
2745	3.090295e+08	7.353880e-04	
2746	3.104560e+08	7.181982e-04	
2747	3.118890e+08	7.013470e-04	
2748	3.133286e+08	6.848277e-04	
2749	3.147748e+08	6.686341e-04	
2750	3.162278e+08	6.527597e-04	
2751	3.176874e+08	6.371984e-04	
2752	3.191538e+08	6.219441e-04	
2753	3.206269e+08	6.069908e-04	
2754	3.221069e+08	5.923325e-04	
2755	3.235937e+08	5.779636e-04	
2756	3.250873e+08	5.638782e-04	
2757	3.265878e+08	5.500707e-04	
2758	3.280953e+08	5.365358e-04	
2759	3.296097e+08	5.232680e-04	
2760	3.311311e+08	5.102621e-04	
2761	3.326596e+08	4.975128e-04	
2762	3.341950e+08	4.850152e-04	
2763	3.357376e+08	4.727644e-04	
2764	3.372873e+08	4.607555e-04	
2765	3.388442e+08	4.489838e-04	
2766	3.404082e+08	4.374449e-04	
2767	3.419794e+08	4.261343e-04	
2768	3.435579e+08	4.150477e-04	
2769	3.451437e+08	4.041809e-04	
2770	3.467369e+08	3.935300e-04	
2771	3.483373e+08	3.830910e-04	
2772	3.499452e+08	3.728603e-04	
2773	3.515604e+08	3.628343e-04	
2774	3.531832e+08	3.530096e-04	
2775	3.548134e+08	3.433828e-04	
2776	3.564511e+08	3.339511e-04	
2777	3.580964e+08	3.247114e-04	
2778	3.597493e+08	3.156610e-04	
2779	3.614099e+08	3.067975e-04	
2780	3.630781e+08	2.981186e-04	
2781	3.647539e+08	2.896221e-04	
2782	3.664376e+08	2.813061e-04	
2783	3.681290e+08	2.731691e-04	
2784	3.698282e+08	2.652097e-04	
2785	3.715352e+08	2.574266e-04	
2786	3.732502e+08	2.498191e-04	
2787	3.749730e+08	2.423867e-04	
2788	3.767038e+08	2.351290e-04	
2789	3.784426e+08	2.280461e-04	
2790	3.801894e+08	2.211385e-04	
2791	3.819443e+08	2.144070e-04	
2792	3.837072e+08	2.078528e-04	
2793	3.854784e+08	2.014774e-04	
2794	3.872576e+08	1.952830e-04	
2795	3.890451e+08	1.892720e-04	
2796	3.908409e+08	1.834473e-04	
2797	3.926449e+08	1.778125e-04	
2798	3.944573e+08	1.723715e-04	
2799	3.962780e+08	1.671287e-04	
2800	3.981072e+08	1.620893e-04	
2801	3.999447e+08	1.572587e-04	
2802	4.017908e+08	1.526429e-04	
2803	4.036454e+08	1.482483e-04	
2804	4.055085e+08	1.440819e-04	
2805	4.073803e+08	1.401508e-04	
2806	4.092607e+08	1.364624e-04	
2807	4.111497e+08	1.330243e-04	
2808	4.130475e+08	1.298438e-04	
2809	4.149540e+08	1.269283e-04	
2810	4.168694e+08	1.242843e-04	
2811	4.187936e+08	1.219181e-04	
2812	4.207266e+08	1.198347e-04	
2813	4.226686e+08	1.180382e-04	
2814	4.246196e+08	1.165312e-04	
2815	4.265795e+08	1.153148e-04	
2816	4.285485e+08	1.143883e-04	
2817	4.305266e+08	1.137492e-04	
2818	4.325138e+08	1.133933e-04	
2819	4.345102e+08	1.133142e-04	
2820	4.365158e+08	1.135043e-04	
2821	4.385307e+08	1.139541e-04	
2822	4.405549e+08	1.146529e-04	
2823	4.425884e+08	1.155889e-04	
2824	4.446313e+08	1.167496e-04	
2825	4.466836e+08	1.181216e-04	
2826	4.487454e+08	1.196917e-04	
2827	4.508167e+08	1.214462e-04	
2828	4.528976e+08	1.233718e-04	
2829	4.549881e+08	1.254554e-04	
2830	4.570882e+08	1.276844e-04	
2831	4.591980e+08	1.300466e-04	
2832	4.613176e+08	1.325306e-04	
2833	4.634469e+08	1.351256e-04	
2834	4.655861e+08	1.378215e-04	
2835	4.677351e+08	1.406089e-04	
2836	4.698941e+08	1.434790e-04	
2837	4.720630e+08	1.464238e-04	
2838	4.742420e+08	1.494360e-04	
2839	4.764310e+08	1.525086e-04	
2840	4.786301e+08	1.556355e-04	
2841	4.808393e+08	1.588110e-04	
2842	4.830588e+08	1.620299e-04	
2843	4.852885e+08	1.652874e-04	
2844	4.875285e+08	1.685794e-04	
2845	4.897788e+08	1.719019e-04	
2846	4.920395e+08	1.752513e-04	
2847	4.943107e+08	1.786245e-04	
2848	4.965923e+08	1.820185e-04	
2849	4.988845e+08	1.854306e-04	
2850	5.011872e+08	1.888586e-04	
2851	5.035006e+08	1.923003e-04	
2852	5.058247e+08	1.957537e-04	
2853	5.081594e+08	1.992170e-04	
2854	5.105050e+08	2.026887e-04	
2855	5.128614e+08	2.061674e-04	
2856	5.152286e+08	2.096517e-04	
2857	5.176068e+08	2.131405e-04	
2858	5.199960e+08	2.166328e-04	
2859	5.223962e+08	2.201276e-04	
2860	5.248075e+08	2.236241e-04	
2861	5.272299e+08	2.271217e-04	
2862	5.296634e+08	2.306196e-04	
2863	5.321083e+08	2.341172e-04	
2864	5.345644e+08	2.376141e-04	
2865	5.370318e+08	2.411097e-04	
2866	5.395106e+08	2.446038e-04	
2867	5.420009e+08	2.480960e-04	
2868	5.445027e+08	2.515859e-04	
2869	5.470160e+08	2.550734e-04	
2870	5.495409e+08	2.585582e-04	
2871	5.520774e+08	2.620402e-04	
2872	5.546257e+08	2.655193e-04	
2873	5.571857e+08	2.689953e-04	
2874	5.597576e+08	2.724682e-04	
2875	5.623413e+08	2.759379e-04	
2876	5.649370e+08	2.794044e-04	
2877	5.675446e+08	2.828678e-04	
2878	5.701643e+08	2.863279e-04	
2879	5.727960e+08	2.897850e-04	
2880	5.754399e+08	2.932390e-04	
2881	5.780960e+08	2.966900e-04	
2882	5.807644e+08	3.001381e-04	
2883	5.834451e+08	3.035834e-04	
2884	5.861382e+08	3.070260e-04	
2885	5.888437e+08	3.104661e-04	
2886	5.915616e+08	3.139038e-04	
2887	5.942922e+08	3.173391e-04	
2888	5.970353e+08	3.207724e-04	
2889	5.997911e+08	3.242037e-04	
2890	6.025596e+08	3.276332e-04	
2891	6.053409e+08	3.310611e-04	
2892	6.081350e+08	3.344876e-04	
2893	6.109420e+08	3.379128e-04	
2894	6.137620e+08	3.413370e-04	
2895	6.165950e+08	3.447603e-04	
2896	6.194411e+08	3.481830e-04	
2897	6.223003e+08	3.516052e-04	
2898	6.251727e+08	3.550272e-04	
2899	6.280584e+08	3.584491e-04	
2900	6.309573e+08	3.618712e-04	
2901	6.338697e+08	3.652937e-04	
2902	6.367955e+08	3.687168e-04	
2903	6.397348e+08	3.721408e-04	
2904	6.426877e+08	3.755657e-04	
2905	6.456542e+08	3.789920e-04	
2906	6.486344e+08	3.824197e-04	
2907	6.516284e+08	3.858491e-04	
2908	6.546362e+08	3.892805e-04	
2909	6.576578e+08	3.927139e-04	
2910	6.606934e+08	3.961498e-04	
2911	6.637431e+08	3.995883e-04	
2912	6.668068e+08	4.030295e-04	
2913	6.698846e+08	4.064738e-04	
2914	6.729767e+08	4.099214e-04	
2915	6.760830e+08	4.133724e-04	
2916	6.792036e+08	4.168271e-04	
2917	6.823387e+08	4.202858e-04	
2918	6.854882e+08	4.237485e-04	
2919	6.886523e+08	4.272156e-04	
2920	6.918310e+08	4.306873e-04	
2921	6.950243e+08	4.341637e-04	
2922	6.982324e+08	4.376451e-04	
2923	7.014553e+08	4.411318e-04	
2924	7.046931e+08	4.446238e-04	
2925	7.079458e+08	4.481214e-04	
2926	7.112135e+08	4.516249e-04	
2927	7.144963e+08	4.551344e-04	
2928	7.177943e+08	4.586501e-04	
2929	7.211075e+08	4.621723e-04	
2930	7.244360e+08	4.657010e-04	
2931	7.277798e+08	4.692367e-04	
2932	7.311391e+08	4.727793e-04	
2933	7.345139e+08	4.763292e-04	
2934	7.379042e+08	4.798864e-04	
2935	7.413102e+08	4.834513e-04	
2936	7.447320e+08	4.870240e-04	
2937	7.481695e+08	4.906046e-04	
2938	7.516229e+08	4.941934e-04	
2939	7.550922e+08	4.977906e-04	
2940	7.585776e+08	5.013963e-04	
2941	7.620790e+08	5.050107e-04	
2942	7.655966e+08	5.086339e-04	
2943	7.691304e+08	5.122663e-04	
2944	7.726806e+08	5.159078e-04	
2945	7.762471e+08	5.195588e-04	
2946	7.798301e+08	5.232193e-04	
2947	7.834296e+08	5.268895e-04	
2948	7.870458e+08	5.305697e-04	
2949	7.906786e+08	5.342599e-04	
2950	7.943282e+08	5.379603e-04	
2951	7.979947e+08	5.416711e-04	
2952	8.016781e+08	5.453925e-04	
2953	8.053784e+08	5.491245e-04	
2954	8.090959e+08	5.528673e-04	
2955	8.128305e+08	5.566212e-04	
2956	8.165824e+08	5.603862e-04	
2957	8.203515e+08	5.641624e-04	
2958	8.241381e+08	5.679501e-04	
2959	8.279422e+08	5.717493e-04	
2960	8.317638e+08	5.755602e-04	
2961	8.356030e+08	5.793830e-04	
2962	8.394600e+08	5.832177e-04	
2963	8.433348e+08	5.870645e-04	
2964	8.472274e+08	5.909235e-04	
2965	8.511380e+08	5.947949e-04	
2966	8.550667e+08	5.986788e-04	
2967	8.590135e+08	6.025753e-04	
2968	8.629785e+08	6.064845e-04	
2969	8.669619e+08	6.104066e-04	
2970	8.709636e+08	6.143416e-04	
2971	8.749838e+08	6.182897e-04	
2972	8.790225e+08	6.222510e-04	
2973	8.830799e+08	6.262256e-04	
2974	8.871560e+08	6.302136e-04	
2975	8.912509e+08	6.342151e-04	
2976	8.953648e+08	6.382302e-04	
2977	8.994976e+08	6.422591e-04	
2978	9.036495e+08	6.463018e-04	
2979	9.078205e+08	6.503584e-04	
2980	9.120108e+08	6.544290e-04	
2981	9.162205e+08	6.585138e-04	
2982	9.204496e+08	6.626127e-04	
2983	9.246982e+08	6.667259e-04	
2984	9.289664e+08	6.708536e-04	
2985	9.332543e+08	6.749956e-04	
2986	9.375620e+08	6.791523e-04	
2987	9.418896e+08	6.833236e-04	
2988	9.462372e+08	6.875096e-04	
2989	9.506048e+08	6.917104e-04	
2990	9.549926e+08	6.959260e-04	
2991	9.594006e+08	7.001566e-04	
2992	9.638290e+08	7.044022e-04	
2993	9.682779e+08	7.086630e-04	
2994	9.727472e+08	7.129388e-04	
2995	9.772372e+08	7.172299e-04	
2996	9.817479e+08	7.215363e-04	
2997	9.862795e+08	7.258580e-04	
2998	9.908319e+08	7.301951e-04	
2999	9.954054e+08	7.345477e-04	
3000	1.000000e+09	7.389158e-04